#wavelength (microns), frequency*gamma
0.1 5.20565399512e-30
0.100462042135 5.52749634345e-30
0.100926219099 5.86741974025e-30
0.101392540756 6.22632784498e-30
0.101861017016 6.60516311431e-30
0.102331657833 7.00490813834e-30
0.102804473209 7.42658700739e-30
0.103279473192 7.87126670928e-30
0.103756667875 8.34005855725e-30
0.104236067398 8.83411964836e-30
0.104717681949 9.35465435229e-30
0.105201521762 9.90291583056e-30
0.105687597118 1.04802075858e-29
0.106175918348 1.1087885041e-29
0.106666495828 1.17273571486e-29
0.107159339982 1.24000880291e-29
0.107654461284 1.31075986381e-29
0.108151870255 1.38514684635e-29
0.108651577465 1.46333372495e-29
0.109153593533 1.545490675e-29
0.109657929127 1.63179425079e-29
0.110164594963 1.72242756626e-29
0.11067360181 1.81758047832e-29
0.111184960482 1.91744977269e-29
0.111698681847 2.02223935235e-29
0.112214776821 2.13216042829e-29
0.112733256371 2.24743171264e-29
0.113254131515 2.36827961411e-29
0.113777413322 2.49493843552e-29
0.114303112911 2.62765057343e-29
0.114831241454 2.76666671972e-29
0.115361810174 2.91224606511e-29
0.115894830344 3.06465650431e-29
0.116430313292 3.22417484287e-29
0.116968270397 3.39108700559e-29
0.11750871309 3.5656882462e-29
0.118051652857 3.74828335841e-29
0.118597101234 3.93918688797e-29
0.119145069812 4.13872334576e-29
0.119695570236 4.34722742168e-29
0.120248614204 4.56504419921e-29
0.120804213468 4.79252937045e-29
0.121362379834 5.03004945153e-29
0.121923125165 5.27798199815e-29
0.122486461375 5.53671582113e-29
0.123052400436 5.80665120175e-29
0.123620954374 6.08820010675e-29
0.12419213527 6.38178640269e-29
0.124765955263 6.6878460696e-29
0.125342426546 7.00682741365e-29
0.125921561369 7.3391912786e-29
0.12650337204 7.68541125594e-29
0.12708787092 8.04597389331e-29
0.127675070432 8.42137890125e-29
0.128264983053 8.81213935777e-29
0.128857621319 9.21878191073e-29
0.129452997823 9.64184697765e-29
0.130051125217 1.00818889428e-28
0.130652016212 1.05394763515e-28
0.131255683577 1.10151921006e-28
0.131862140139 1.15096336264e-28
0.132471398787 1.20234130881e-28
0.133083472465 1.25571575475e-28
0.133698374182 1.31115091447e-28
0.134316117005 1.3687125269e-28
0.134936714059 1.42846787253e-28
0.135560178533 1.49048578955e-28
0.136186523676 1.55483668942e-28
0.136815762797 1.62159257198e-28
0.137447909268 1.69082703987e-28
0.138082976522 1.76261531246e-28
0.138720978054 1.83703423903e-28
0.139361927422 1.91416231141e-28
0.140005838247 1.99407967584e-28
0.140652724211 2.07686814416e-28
0.14130259906 2.1626112043e-28
0.141955476605 2.25139402993e-28
0.142611370719 2.34330348939e-28
0.143270295341 2.43842815372e-28
0.143932264472 2.53685830399e-28
0.144597292179 2.63868593759e-28
0.145265392595 2.74400477378e-28
0.145936579916 2.85291025823e-28
0.146610868405 2.96549956662e-28
0.147288272391 3.08187160736e-28
0.147968806269 3.2021270232e-28
0.1486524845 3.32636819193e-28
0.149339321612 3.45469922598e-28
0.150029332202 3.58722597096e-28
0.150722530931 3.72405600316e-28
0.15141893253 3.86529862593e-28
0.152118551799 4.0110648649e-28
0.152821403603 4.16146746209e-28
0.153527502878 4.31662086887e-28
0.15423686463 4.47664123767e-28
0.154949503931 4.64164641258e-28
0.155665435927 4.81175591863e-28
0.15638467583 4.9870909499e-28
0.157107238925 5.16777435636e-28
0.157833140565 5.35393062944e-28
0.158562396177 5.54568588628e-28
0.159295021257 5.74316785276e-28
0.160031031374 5.94650584511e-28
0.160770442167 6.15583075031e-28
0.16151326935 6.3712750051e-28
0.162259528708 6.59297257359e-28
0.163009236098 6.82105892364e-28
0.163762407452 7.05567100178e-28
0.164519058775 7.29694720679e-28
0.165279206146 7.54502736193e-28
0.166042865719 7.80005268573e-28
0.16681005372 8.06216576146e-28
0.167580786453 8.33151050516e-28
0.168355080296 8.60823213233e-28
0.169132951703 8.8924771232e-28
0.169914417203 9.18439318657e-28
0.170699493404 9.48412922238e-28
0.171488196987 9.79183528278e-28
0.172280544713 1.01076625318e-27
0.17307655342 1.0431763204e-27
0.173876240022 1.07642905608e-27
0.174679621513 1.1105398847e-27
0.175486714965 1.14552432442e-27
0.176297537529 1.18139798244e-27
0.177112106435 1.21817655011e-27
0.177930438992 1.25587579799e-27
0.17875255259 1.29451157073e-27
0.1795784647 1.33409978183e-27
0.180408192872 1.37465640831e-27
0.181241754737 1.41619748521e-27
0.18207916801 1.45873909996e-27
0.182920450485 1.50229738668e-27
0.183765620039 1.54688852031e-27
0.184614694632 1.59252871065e-27
0.185467692308 1.63923419625e-27
0.186324631193 1.68702123827e-27
0.187185529497 1.73590611411e-27
0.188050405513 1.78590511102e-27
0.188919277621 1.8370345196e-27
0.189792164284 1.88931062715e-27
0.190669084051 1.94274971093e-27
0.191550055557 1.99736803141e-27
0.192435097523 2.05318182529e-27
0.193324228756 2.11020729854e-27
0.194217468149 2.16846061929e-27
0.195114834685 2.22795791068e-27
0.196016347432 2.28871524362e-27
0.196922025548 2.35074862943e-27
0.197831888278 2.41407401249e-27
0.198745954958 2.47870726274e-27
0.199664245011 2.54466416817e-27
0.200586777951 2.61196042727e-27
0.201513573382 2.6806116413e-27
0.202444650998 2.75063330671e-27
0.203380030585 2.8220408073e-27
0.20431973202 2.89484940652e-27
0.205263775271 2.96907423957e-27
0.2062121804 3.04473030563e-27
0.20716496756 3.1218324599e-27
0.208122156999 3.20039540576e-27
0.209083769056 3.28043368676e-27
0.210049824165 3.36196167878e-27
0.211020342857 3.44499358196e-27
0.211995345754 3.52954341285e-27
0.212974853575 3.61562499635e-27
0.213958887134 3.70325195781e-27
0.214947467344 3.79243771508e-27
0.21594061521 3.88319547053e-27
0.216938351839 3.97553820318e-27
0.21794069843 4.06947866075e-27
0.218947676286 4.16502935186e-27
0.219959306803 4.26220253812e-27
0.22097561148 4.36101022639e-27
0.221996611912 4.46146416099e-27
0.223022329797 4.56357581601e-27
0.22405278693 4.66735638764e-27
0.22508800521 4.77281678658e-27
0.226128006634 4.87996763052e-27
0.227172813303 4.98881923663e-27
0.228222447419 5.0993816142e-27
0.229276931287 5.21166445732e-27
0.230336287314 5.3256771376e-27
0.231400538013 5.44142869706e-27
0.232469705999 5.55892784105e-27
0.233543813991 5.6781829313e-27
0.234622884814 5.79920197902e-27
0.2357069414 5.92199263818e-27
0.236796006783 6.04656219881e-27
0.237890104108 6.17291758052e-27
0.238989256623 6.30106532603e-27
0.240093487686 6.43101159488e-27
0.241202820762 6.56276215728e-27
0.242317279424 6.69632238805e-27
0.243436887354 6.83169726072e-27
0.244561668345 6.96889134175e-27
0.245691646298 7.10790878494e-27
0.246826845226 7.24875332588e-27
0.24796728925 7.39142827672e-27
0.249113002607 7.53593652089e-27
0.250264009642 7.68228050816e-27
0.251420334814 7.83046224976e-27
0.252582002696 7.98048331366e-27
0.253749037973 8.13234482008e-27
0.254921465445 8.28604743713e-27
0.256099310026 8.44159137661e-27
0.257282596745 8.59897639001e-27
0.258471350747 8.75820176471e-27
0.259665597293 8.9192663203e-27
0.260865361762 9.08216840514e-27
0.262070669648 9.24690589308e-27
0.263281546565 9.4134761804e-27
0.264498018243 9.5818761829e-27
0.265720110532 9.75210233318e-27
0.266947849403 9.9241505782e-27
0.268181260945 1.00980163769e-26
0.269420371368 1.02736946982e-26
0.270665207003 1.04511800189e-26
0.271915794304 1.06304663223e-26
0.273172159844 1.08115470964e-26
0.274434330323 1.09944153327e-26
0.275702332561 1.11790635251e-26
0.276976193504 1.13654836693e-26
0.278255940221 1.15536672615e-26
0.279541599907 1.17436052987e-26
0.280833199882 1.19352882777e-26
0.282130767594 1.21287061958e-26
0.283434330615 1.23238485503e-26
0.284743916647 1.25207043393e-26
0.286059553518 1.2719262062e-26
0.287381269185 1.29195097198e-26
0.288709091736 1.31214348172e-26
0.290043049386 1.33250243626e-26
0.291383170483 1.35302648706e-26
0.292729483504 1.37371423626e-26
0.294082017059 1.39456423695e-26
0.295440799888 1.41557499334e-26
0.296805860867 1.43674496096e-26
0.298177229002 1.45807254695e-26
0.299554933436 1.4795561103e-26
0.300939003445 1.50119396215e-26
0.302329468441 1.52298436608e-26
0.30372635797 1.54492553844e-26
0.305129701718 1.56701564873e-26
0.306539529506 1.58925281989e-26
0.307955871291 1.61163512878e-26
0.309378757173 1.6341606065e-26
0.310808217387 1.65682723887e-26
0.312244282309 1.67963296683e-26
0.313686982457 1.70257568693e-26
0.315136348487 1.72565325181e-26
0.316592411198 1.74886347066e-26
0.318055201533 1.77220410979e-26
0.319524750576 1.7956728931e-26
0.321001089554 1.81926750268e-26
0.322484249841 1.84298557934e-26
0.323974262953 1.86682472322e-26
0.325471160553 1.89078249437e-26
0.326974974451 1.91485641338e-26
0.328485736603 1.93904396198e-26
0.330003479113 1.96334258373e-26
0.331528234232 1.98774968465e-26
0.333060034362 2.01226263388e-26
0.334598912055 2.03687876444e-26
0.336144900011 2.06159537383e-26
0.337698031083 2.08640972484e-26
0.339258338274 2.11131904622e-26
0.340825854742 2.13632053347e-26
0.342400613797 2.16141134954e-26
0.343982648902 2.18658862566e-26
0.345571993676 2.21184946205e-26
0.347168681893 2.23719092879e-26
0.348772747481 2.26261006653e-26
0.350384224529 2.2881038874e-26
0.35200314728 2.31366937575e-26
0.353629550136 2.33930348901e-26
0.355263467658 2.36500315857e-26
0.356904934568 2.39076529054e-26
0.358553985746 2.41658676671e-26
0.360210656236 2.44246444535e-26
0.361874981241 2.46839516208e-26
0.363546996129 2.49437573079e-26
0.365226736431 1.4948913356e-26
0.36691423784 1.51207446484e-26
0.368609536217 1.52931859867e-26
0.370312667587 1.54662191602e-26
0.372023668141 1.56398257607e-26
0.373742574239 1.5813987187e-26
0.375469422407 1.59886846495e-26
0.377204249342 1.6163899175e-26
0.378947091907 1.63396116114e-26
0.38069798714 1.65158026326e-26
0.382456972247 1.66924527431e-26
0.384224084606 1.68695422833e-26
0.385999361768 1.70470514344e-26
0.387782841459 1.7224960223e-26
0.389574561578 1.74032485267e-26
0.391374560198 1.75818960792e-26
0.393182875571 1.77608824751e-26
0.394999546122 1.79401871752e-26
0.396824610457 1.8119789512e-26
0.398658107358 1.82996686948e-26
0.400500075787 1.84798038151e-26
0.402350554887 1.86601738516e-26
0.40420958398 1.88407576762e-26
0.40607720257 1.90215340588e-26
0.407953450345 1.92024816731e-26
0.409838367176 1.93835791017e-26
0.411731993116 1.95648048422e-26
0.413634368406 1.97461373118e-26
0.415545533472 1.99275548536e-26
0.417465528925 2.01090357415e-26
0.419394395567 2.02905581864e-26
0.421332174385 2.04721003408e-26
0.423278906557 2.06536403053e-26
0.425234633453 2.08351561336e-26
0.427199396631 2.10166258379e-26
0.429173237842 2.11980273952e-26
0.431156199032 2.13793387518e-26
0.433148322338 2.15605378297e-26
0.435149650093 2.17416025317e-26
0.437160224825 2.1922510747e-26
0.43918008926 2.21032403569e-26
0.441209286319 2.228376924e-26
0.443247859124 2.24640752776e-26
0.445295850994 2.26441363599e-26
0.44735330545 2.28239303903e-26
0.449420266212 2.30034352919e-26
0.451496777204 2.31826290123e-26
0.453582882551 2.3361489529e-26
0.455678626584 2.35399948551e-26
0.457784053838 2.3718123044e-26
0.459899209052 2.38958521956e-26
0.462024137175 2.40731604605e-26
0.464158883361 2.42500260461e-26
0.466303492974 2.44264272213e-26
0.468458011587 2.46023423216e-26
0.470622484984 2.47777497547e-26
0.47279695916 2.49526280051e-26
0.474981480323 2.51269556392e-26
0.477176094894 2.53007113103e-26
0.479380849509 2.54738737638e-26
0.481595791019 2.56464218417e-26
0.483820966493 2.58183344875e-26
0.486056423214 2.59895907511e-26
0.488302208688 2.61601697937e-26
0.490558370637 2.63300508921e-26
0.492824957004 2.64992134435e-26
0.495102015956 2.666763697e-26
0.497389595879 2.68353011232e-26
0.499687745385 2.70021856888e-26
0.501996513311 2.71682705905e-26
0.504315948717 2.73335358948e-26
0.506646100892 2.7497961815e-26
0.508987019352 2.76615287156e-26
0.511338753841 2.78242171162e-26
0.513701354335 2.79860076956e-26
0.516074871039 2.81468812961e-26
0.518459354389 2.83068189272e-26
0.520854855058 2.84658017693e-26
0.523261423949 2.86238111779e-26
0.525679112202 2.87808286868e-26
0.528107971193 2.89368360125e-26
0.530548052537 2.90918150569e-26
0.532999408084 2.92457479116e-26
0.535462089927 2.93986168607e-26
0.537936150398 2.95504043847e-26
0.540421642071 2.97010931633e-26
0.542918617762 2.9850666079e-26
0.545427130533 2.999910622e-26
0.54794723369 3.01463968834e-26
0.550478980785 3.0292521578e-26
0.553022425619 3.04374640274e-26
0.55557762224 3.05812081728e-26
0.558144624945 3.07237381757e-26
0.560723488285 3.08650384203e-26
0.56331426706 3.10050935167e-26
0.565917016325 3.11438883029e-26
0.568531791387 3.12814078474e-26
0.571158647813 3.14176374515e-26
0.573797641421 3.15525626519e-26
0.576448828293 3.16861692222e-26
0.579112264764 3.18184431759e-26
0.581788007434 3.19493707675e-26
0.584476113163 3.20789384953e-26
0.587176639073 3.22071331027e-26
0.589889642551 3.23339415802e-26
0.592615181248 3.24593511673e-26
0.595353313081 3.25833493537e-26
0.598104096238 3.27059238813e-26
0.600867589172 3.28270627453e-26
0.603643850608 3.29467541959e-26
0.606432939541 3.30649867394e-26
0.60923491524 3.31817491398e-26
0.612049837248 3.32970304193e-26
0.614877765381 3.34108198601e-26
0.617718759734 3.3523107005e-26
0.620572880678 3.36338816584e-26
0.623440188863 3.37431338871e-26
0.62632074522 3.38508540212e-26
0.629214610961 3.39570326549e-26
0.632121847581 3.40616606469e-26
0.63504251686 3.41647291208e-26
0.637976680861 3.42662294661e-26
0.640924401936 3.43661533381e-26
0.643885742724 3.44644926586e-26
0.646860766155 3.45612396159e-26
0.649849535447 3.46563866649e-26
0.652852114113 3.47499265277e-26
0.655868565957 3.48418521931e-26
0.65889895508 3.49321569168e-26
0.661943345877 3.50208342214e-26
0.665001803043 3.5107877896e-26
0.66807439157 3.51932819961e-26
0.67116117675 3.52770408434e-26
0.674262224178 3.53591490251e-26
0.677377599752 3.54396013938e-26
0.680507369674 3.55183930669e-26
0.683651600451 3.5595519426e-26
0.6868103589 3.56709761161e-26
0.689983712143 3.57447590452e-26
0.693171727616 3.58168643836e-26
0.696374473063 3.58872885626e-26
0.699592016544 3.59560282741e-26
0.702824426431 3.60230804695e-26
0.706071771414 3.60884423587e-26
0.709334120499 3.61521114091e-26
0.712611543011 3.62140853443e-26
0.715904108596 3.62743621433e-26
0.719211887222 3.63329400389e-26
0.722534949179 3.63898175168e-26
0.725873365082 3.64449933138e-26
0.729227205873 3.6498466417e-26
0.732596542822 3.65502360619e-26
0.735981447527 3.66003017313e-26
0.739381991918 3.66486631533e-26
0.742798248256 3.66953203002e-26
0.746230289139 3.67402733868e-26
0.749678187497 3.67835228683e-26
0.753142016597 3.68250694393e-26
0.756621850048 3.68649140314e-26
0.760117761796 3.69030578119e-26
0.763629826128 3.69395021814e-26
0.767158117678 3.69742487726e-26
0.770702711421 3.70072994478e-26
0.774263682681 3.70386562974e-26
0.777841107129 3.70683216376e-26
0.781435060784 3.70962980083e-26
0.78504562002 3.71225881713e-26
0.788672861561 3.71471951083e-26
0.792316862487 3.71701220183e-26
0.795977700231 3.71913723156e-26
0.799655452589 3.72109496279e-26
0.803350197712 3.72288577938e-26
0.807062014115 3.72451008606e-26
0.810790980673 3.72596830819e-26
0.814537176628 3.72726089154e-26
0.818300681587 3.72838830207e-26
0.822081575524 2.51755240843e-26
0.825879938784 2.52001520847e-26
0.829695852083 2.52236946184e-26
0.83352939651 2.5246152639e-26
0.837380653527 2.52675272358e-26
0.841249704974 2.52878196324e-26
0.845136633068 2.53070311862e-26
0.849041520409 2.53251633869e-26
0.852964449974 2.53422178555e-26
0.856905505127 2.5358196343e-26
0.860864769615 2.53731007294e-26
0.864842327573 2.53869330223e-26
0.868838263525 2.53996953561e-26
0.872852662385 2.54113899901e-26
0.876885609459 2.54220193079e-26
0.880937190447 2.54315858159e-26
0.885007491447 2.54400921417e-26
0.889096598953 2.54475410336e-26
0.893204599858 2.54539353583e-26
0.897331581458 2.54592781004e-26
0.901477631452 2.54635723607e-26
0.905642837945 2.5466821355e-26
0.909827289446 2.54690284123e-26
0.914031074876 2.54701969743e-26
0.918254283566 2.5470330593e-26
0.922497005259 2.54694329301e-26
0.926759330115 2.54675077554e-26
0.931041348707 2.54645589449e-26
0.935343152029 2.54605904802e-26
0.939664831495 2.54556064464e-26
0.944006478942 2.54496110309e-26
0.948368186629 2.5442608522e-26
0.952750047243 2.54346033074e-26
0.957152153899 2.54255998728e-26
0.961574600143 2.54156028003e-26
0.966017479952 2.54046167669e-26
0.970480887738 2.53926465431e-26
0.974964918348 2.53796969917e-26
0.97946966707 2.53657730657e-26
0.983995229628 2.53508798072e-26
0.988541702192 2.5335022346e-26
0.993109181375 2.53182058977e-26
0.997697764236 2.53004357625e-26
1.00230754828 2.52817173236e-26
1.00693863148 2.52620560457e-26
1.01159111222 2.52414574735e-26
1.01626508939 2.52199272299e-26
1.02096066231 2.51974710152e-26
1.02567793074 2.51740946048e-26
1.03041699495 2.51498038479e-26
1.03517795563 2.51246046663e-26
1.03996091395 2.50985030525e-26
1.04476597156 2.50715050686e-26
1.04959323056 2.50436168441e-26
1.05444279353 2.50148445751e-26
1.05931476352 2.49851945224e-26
1.06420924406 2.495467301e-26
1.06912633917 2.49232864238e-26
1.07406615333 2.48910412098e-26
1.07902879152 2.48579438728e-26
1.08401435918 2.48240009749e-26
1.08902296226 2.47892191339e-26
1.09405470721 2.47536050217e-26
1.09910970093 2.47171653632e-26
1.10418805085 2.46799069345e-26
1.1092898649 2.46418365613e-26
1.11441525147 2.4602961118e-26
1.11956431948 2.45632875254e-26
1.12473717836 2.452282275e-26
1.12993393803 2.44815738021e-26
1.13515470892 2.44395477345e-26
1.14039960197 2.4396751641e-26
1.14566872863 2.43531926551e-26
1.15096220089 2.43088779483e-26
1.15628013121 2.4263814729e-26
1.16162263261 2.42180102407e-26
1.16698981862 2.41714717611e-26
1.17238180329 2.41242066001e-26
1.1777987012 2.40762220989e-26
1.18324062746 2.40275256286e-26
1.18870769771 2.39781245882e-26
1.19420002813 2.39280264042e-26
1.19971773544 2.38772385284e-26
1.20526093687 2.38257684371e-26
1.21082975023 2.37736236294e-26
1.21642429386 2.37208116262e-26
1.22204468663 2.36673399684e-26
1.22769104799 2.36132162164e-26
1.23336349791 2.35584479478e-26
1.23906215695 2.3503042757e-26
1.24478714619 2.34470082534e-26
1.25053858729 2.33903520602e-26
1.25631660247 2.33330818133e-26
1.26212131452 2.32752051601e-26
1.26795284679 2.3216729758e-26
1.27381132319 2.31576632734e-26
1.27969686822 2.30980133803e-26
1.28560960694 2.30377877595e-26
1.29154966501 2.29769940969e-26
1.29751716866 2.29156400825e-26
1.30351224468 2.28537334097e-26
1.30953502048 2.27912817734e-26
1.31558562405 2.27282928692e-26
1.32166418395 2.26647743926e-26
1.32777082936 2.26007340373e-26
1.33390569004 2.25361794945e-26
1.34006889636 2.24711184517e-26
1.3462605793 2.24055585915e-26
1.35248087042 2.23395075909e-26
1.3587299019 2.22729731197e-26
1.36500780655 2.220596284e-26
1.37131471775 2.21384844049e-26
1.37765076955 2.20705454575e-26
1.38401609657 2.200215363e-26
1.39041083409 2.19333165425e-26
1.39683511799 2.18640418024e-26
1.40328908479 2.17943370031e-26
1.40977287163 2.17242097232e-26
1.4162866163 2.16536675255e-26
1.42283045721 2.15827179562e-26
1.42940453343 2.1511368544e-26
1.43600898465 2.1439626799e-26
1.44264395122 2.13675002119e-26
1.44930957413 2.12949962535e-26
1.45600599502 2.12221223732e-26
1.4627333562 1.49291458752e-26
1.46949180062 1.48857428657e-26
1.47628147191 1.48420384541e-26
1.48310251434 1.4798037288e-26
1.48995507285 1.47537440097e-26
1.49683929308 1.47091632559e-26
1.5037553213 1.4664299657e-26
1.51070330449 1.46191578366e-26
1.51768339028 1.45737424112e-26
1.52469572702 1.4528057989e-26
1.5317404637 1.44821091704e-26
1.53881775004 1.44359005463e-26
1.54592773642 1.43894366987e-26
1.55307057393 1.43427221993e-26
1.56024641437 1.42957616095e-26
1.56745541021 1.42485594799e-26
1.57469771464 1.42011203495e-26
1.58197348158 1.41534487456e-26
1.58928286562 1.4105549183e-26
1.5966260221 1.40574261638e-26
1.60400310706 1.40090841767e-26
1.61141427725 1.39605276968e-26
1.61885969018 1.3911761185e-26
1.62633950405 1.38627890875e-26
1.63385387781 1.38136158355e-26
1.64140297114 1.3764245845e-26
1.64898694447 1.37146835157e-26
1.65660595895 1.36649332313e-26
1.66426017649 1.36149993588e-26
1.67194975973 1.35648862481e-26
1.67967487209 1.35145982315e-26
1.68743567773 1.34641396237e-26
1.69523234155 1.3413514721e-26
1.70306502925 1.33627278013e-26
1.71093390727 1.33117831233e-26
1.71883914282 1.32606849267e-26
1.72678090388 1.32094374313e-26
1.73475935923 1.31580448371e-26
1.74277467841 1.31065113237e-26
1.75082703174 1.30548410501e-26
1.75891659033 1.30030381544e-26
1.76704352609 1.29511067534e-26
1.77520801172 1.28990509422e-26
1.78341022071 1.28468747942e-26
1.79165032736 1.27945823606e-26
1.79992850678 1.27421776702e-26
1.80824493488 1.2689664729e-26
1.81659978838 1.263704752e-26
1.82499324482 1.25843300029e-26
1.83342548256 1.25315161141e-26
1.8418966808 1.2478609766e-26
1.85040701954 1.24256148471e-26
1.85895667964 1.23725352217e-26
1.86754584276 1.23193747293e-26
1.87617469144 1.22661371852e-26
1.88484340903 1.22128263792e-26
1.89355217976 1.21594460764e-26
1.90230118867 1.21060000164e-26
1.91109062169 1.20524919131e-26
1.91992066559 1.19989254548e-26
1.92879150802 1.19453043037e-26
1.93770333748 1.18916320962e-26
1.94665634334 1.18379124421e-26
1.95565071587 1.17841489247e-26
1.96468664618 1.17303451008e-26
1.9737643263 1.16765045004e-26
1.98288394913 1.16226306264e-26
1.99204570845 1.15687269547e-26
2.00124979897 1.1514796934e-26
2.01049641626 1.14608439855e-26
2.01978575682 1.14068715029e-26
2.02911801805 1.13528828523e-26
2.03849339825 1.1298881372e-26
2.04791209667 1.12448703724e-26
2.05737431343 1.11908531359e-26
2.06688024963 1.1136832917e-26
2.07643010726 1.10828129417e-26
2.08602408925 1.10287964079e-26
2.09566239948 1.09747864851e-26
2.10534524277 1.09207863143e-26
2.11507282487 1.0866799008e-26
2.1248453525 1.081282765e-26
2.13466303332 1.07588752956e-26
2.14452607597 1.07049449712e-26
2.15443469003 1.06510396744e-26
2.16438908606 1.0597162374e-26
2.1743894756 1.05433160099e-26
2.18443607115 1.0489503493e-26
2.1945290862 1.04357277053e-26
2.20466873524 1.03819914997e-26
2.21485523373 1.03282977e-26
2.22508879813 1.0274649101e-26
2.23536964591 1.02210484685e-26
2.24569799554 1.01674985389e-26
2.2560740665 1.01140020197e-26
2.26649807927 1.00605615891e-26
2.27697025538 1.00071798964e-26
2.28749081736 7.03698135605e-27
2.29805998876 7.00255437824e-27
2.30867799419 6.96814094896e-27
2.31934505927 6.9337428737e-27
2.3300614107 6.89936194133e-27
2.34082727618 6.86499992413e-27
2.35164288449 6.83065857774e-27
2.36250846548 6.79633964113e-27
2.37342425002 6.76204483656e-27
2.38439047009 6.72777586961e-27
2.39540735872 6.69353442911e-27
2.40647515002 6.65932218717e-27
2.41759407917 6.62514079912e-27
2.42876438246 6.59099190353e-27
2.43998629726 6.5568771222e-27
2.45126006203 6.52279806015e-27
2.46258591635 6.48875630562e-27
2.47396410089 6.45475343004e-27
2.48539485743 6.42079098808e-27
2.49687842888 6.3868705176e-27
2.50841505928 6.3529935397e-27
2.52000499376 6.3191615587e-27
2.53164847863 6.28537606217e-27
2.5433457613 6.2516385209e-27
2.55509709035 6.21795038897e-27
2.56690271549 6.1843131037e-27
2.57876288759 6.15072808575e-27
2.59067785869 6.11719673903e-27
2.60264788197 6.08372045085e-27
2.6146732118 6.05030059181e-27
2.62675410372 6.01693851593e-27
2.63889081446 5.98363556062e-27
2.65108360191 5.95039304673e-27
2.66333272517 5.91721227857e-27
2.67563844455 5.88409454393e-27
2.68800102154 5.85104111414e-27
2.70042071884 5.81805324411e-27
2.71289780037 5.78513217232e-27
2.72543253128 5.7522791209e-27
2.73802517793 5.71949529566e-27
2.75067600791 5.68678188612e-27
2.76338529005 5.65414006558e-27
2.77615329444 5.62157099114e-27
2.78898029238 5.58907580374e-27
2.80186655646 5.55665562823e-27
2.81481236051 5.52431157342e-27
2.82781797963 5.49204473211e-27
2.84088369018 5.45985618114e-27
2.85400976983 5.42774698149e-27
2.86719649749 5.39571817827e-27
2.8804441534 5.36377080081e-27
2.89375301905 5.33190586273e-27
2.90712337727 5.30012436197e-27
2.92055551218 5.26842728088e-27
2.93404970922 5.23681558622e-27
2.94760625512 5.20529022933e-27
2.96122543799 5.17385214607e-27
2.97490754721 5.14250225698e-27
2.98865287355 5.1112414673e-27
3.00246170909 5.08007066704e-27
3.01633434726 5.04899073108e-27
3.03027108287 5.01800251917e-27
3.04427221206 4.9871068761e-27
3.05833803238 4.95630463167e-27
3.07246884271 4.92559660082e-27
3.08666494334 4.89498358371e-27
3.10092663593 4.86446636576e-27
3.11525422356 4.83404571773e-27
3.12964801067 4.80372239583e-27
3.14410830315 4.77349714176e-27
3.15863540827 4.74337068281e-27
3.17322963473 4.7133437319e-27
3.18789129268 4.68341698774e-27
3.20262069366 4.65359113481e-27
3.21741815068 4.62386684353e-27
3.23228397818 4.59424477027e-27
3.24721849207 4.56472555749e-27
3.26222200971 4.53530983377e-27
3.27729484992 4.50599821396e-27
3.29243733301 3.04887260316e-27
3.30764978074 3.03021769148e-27
3.3229325164 3.01162003689e-27
3.33828586473 2.99308008598e-27
3.353710152 2.97459827716e-27
3.36920570598 2.95617504073e-27
3.38477285595 2.93781079893e-27
3.4004119327 2.91950596593e-27
3.41612326859 2.90126094794e-27
3.43190719746 2.88307614321e-27
3.44776405473 2.86495194209e-27
3.46369417737 2.84688872705e-27
3.47969790389 2.82888687277e-27
3.49577557436 2.81094674612e-27
3.51192753045 2.79306870627e-27
3.52815411538 2.77525310468e-27
3.54445567397 2.7575002852e-27
3.56083255263 2.73981058404e-27
3.57728509937 2.72218432991e-27
3.5938136638 2.70462184399e-27
3.61041859717 2.68712344e-27
3.62710025233 2.66968942427e-27
3.64385898376 2.65232009574e-27
3.6606951476 2.63501574607e-27
3.6776091016 2.61777665963e-27
3.6946012052 2.60060311357e-27
3.71167181948 2.58349537787e-27
3.72882130718 2.5664537154e-27
3.74605003275 2.54947838195e-27
3.76335836229 2.53256962627e-27
3.7807466636 2.51572769015e-27
3.79821530619 2.49895280845e-27
3.81576466127 2.48224520915e-27
3.83339510177 2.46560511341e-27
3.85110700233 2.4490327356e-27
3.86890073933 2.43252828338e-27
3.88677669089 2.4160919577e-27
3.90473523689 2.39972395292e-27
3.92277675893 2.3834244568e-27
3.9409016404 2.36719365059e-27
3.95911026647 2.35103170906e-27
3.97740302406 2.33493880055e-27
3.9957803019 2.31891508702e-27
4.0142424905 2.30296072414e-27
4.03278998219 2.28707586128e-27
4.05142317111 2.27126064159e-27
4.07014245322 2.25551520208e-27
4.08894822629 2.23983967363e-27
4.10784088997 2.22423418104e-27
4.1268208457 2.20869884311e-27
4.14588849683 2.1932337727e-27
4.16504424855 2.17783907673e-27
4.1842885079 2.16251485628e-27
4.20362168384 2.14726120662e-27
4.22304418721 2.13207821726e-27
4.24255643072 2.11696597204e-27
4.26215882902 2.10192454911e-27
4.28185179865 2.08695402105e-27
4.30163575811 2.07205445489e-27
4.32151112779 2.05722591217e-27
4.34147833006 2.04246844897e-27
4.36153778921 2.02778211601e-27
4.38168993151 2.01316695867e-27
4.40193518521 1.99862301701e-27
4.42227398051 1.98415032591e-27
4.44270674961 1.96974891504e-27
4.46323392671 1.95541880894e-27
4.48385594802 1.19747241366e-27
4.50457325176 1.18911264392e-27
4.52538627817 1.18079123614e-27
4.54629546953 1.17250823053e-27
4.56730127017 1.16426366441e-27
4.58840412645 1.15605757227e-27
4.60960448683 1.14788998579e-27
4.6309028018 1.13976093385e-27
4.65229952396 1.13167044256e-27
4.67379510799 1.12361853532e-27
4.69539001068 1.1156052328e-27
4.71708469092 1.10763055297e-27
4.73887960972 1.09969451115e-27
4.76077523023 1.09179712005e-27
4.78277201773 1.08393838972e-27
4.80487043966 1.07611832767e-27
4.8270709656 1.06833693882e-27
4.84937406734 1.06059422559e-27
4.87178021879 1.05289018785e-27
4.89428989611 1.04522482303e-27
4.91690357763 1.03759812608e-27
4.93962174388 1.03001008952e-27
4.96244487763 1.02246070347e-27
4.98537346387 1.01494995566e-27
5.00840798985 1.00747783148e-27
5.03154894504 1.00004431397e-27
5.05479682119 9.92649383894e-28
5.07815211233 9.85293019709e-28
5.10161531475 9.77975197629e-28
5.12518692705 9.70695891639e-28
5.14886745014 9.63455073517e-28
5.17265738722 9.56252712864e-28
5.19655724383 9.49088777123e-28
5.22056752785 9.4196323161e-28
5.2446887495 9.34876039536e-28
5.26892142135 9.27827162031e-28
5.29326605836 9.20816558168e-28
5.31772317785 9.13844184991e-28
5.34229329954 9.06909997537e-28
5.36697694554 9.00013948859e-28
5.39177464039 8.93155990053e-28
5.41668691103 8.86336070284e-28
5.44171428687 8.79554136802e-28
5.46685729972 8.72810134978e-28
5.49211648389 8.66104008316e-28
5.51749237613 8.59435698487e-28
5.54298551568 8.52805145345e-28
5.56859644429 8.46212286958e-28
5.59432570617 8.39657059623e-28
5.62017384808 8.331393979e-28
5.6461414193 8.26659234626e-28
5.67222897164 8.20216500943e-28
5.69843705947 8.13811126323e-28
5.7247662397 8.07443038588e-28
5.75121707184 8.01112163931e-28
5.77779011797 7.94818426948e-28
5.80448594277 7.88561750649e-28
5.83130511353 7.82342056491e-28
5.85824820015 3.64032739628e-28
5.88531577519 3.61254561461e-28
5.91250841383 3.58491978796e-28
5.93982669392 3.55744965285e-28
5.96727119597 3.53013493897e-28
5.99484250319 3.50297536928e-28
6.02254120146 3.47597066004e-28
6.05036787939 3.44912052096e-28
6.0783231283 3.42242465525e-28
6.10640754223 3.39588275974e-28
6.13462171799 3.36949452494e-28
6.16296625513 3.34325963515e-28
6.19144175598 3.31717776852e-28
6.22004882563 3.29124859717e-28
6.24878807201 3.26547178726e-28
6.27766010581 3.23984699906e-28
6.30666554057 3.21437388707e-28
6.33580499266 3.18905210008e-28
6.3650790813 3.16388128126e-28
6.39448842856 3.13886106827e-28
6.42403365939 3.11399109328e-28
6.45371540165 3.08927098314e-28
6.48353428605 3.06470035939e-28
6.51349094627 3.04027883839e-28
6.54358601888 3.01600603138e-28
6.57382014341 2.99188154455e-28
6.60419396233 2.96790497916e-28
6.63470812109 2.94407593159e-28
6.66536326812 2.92039399345e-28
6.69616005485 2.89685875162e-28
6.72709913571 2.87346978836e-28
6.75818116816 2.85022668138e-28
6.7894068127 2.82712900392e-28
6.82077673287 2.80417632483e-28
6.85229159528 2.78136820866e-28
6.88395206965 2.7587042157e-28
6.91575882874 2.73618390211e-28
6.94771254846 2.71380681996e-28
6.97981390783 2.6915725173e-28
7.01206358901 2.66948053829e-28
7.0444622773 2.64753042319e-28
7.07701066118 2.62572170853e-28
7.10970943231 2.6040539271e-28
7.14255928554 2.58252660809e-28
7.17556091894 2.56113927713e-28
7.20871503378 2.53989145635e-28
7.24202233461 2.51878266448e-28
7.2754835292 2.49781241694e-28
7.3090993286 2.47698022585e-28
7.34287044717 2.45628560016e-28
7.37679760253 2.43572804569e-28
7.41088151564 0.0
7.4451229108 0.0
7.47952251562 0.0
7.51408106112 0.0
7.54879928165 0.0
7.583677915 0.0
7.61871770232 0.0
7.65391938823 0.0
7.68928372076 0.0
7.7248114514 0.0
7.76050333513 0.0
7.79636013041 0.0
7.83238259918 0.0
7.86857150694 0.0
7.9049276227 0.0
7.94145171903 0.0
7.97814457208 0.0
8.01500696157 0.0
8.05203967083 0.0
8.08924348681 0.0
8.12661920009 0.0
8.16416760492 0.0
8.2018894992 0.0
8.23978568453 0.0
8.2778569662 0.0
8.31610415323 0.0
8.35452805838 0.0
8.39312949817 0.0
8.43190929287 0.0
8.47086826656 0.0
8.51000724712 0.0
8.54932706627 0.0
8.58882855955 0.0
8.62851256637 0.0
8.66837993002 0.0
8.70843149769 0.0
8.74866812048 0.0
8.78909065342 0.0
8.82969995549 0.0
8.87049688965 0.0
8.91148232284 0.0
8.952657126 0.0
8.99402217409 0.0
9.03557834614 0.0
9.07732652521 0.0
9.11926759846 0.0
9.16140245714 0.0
9.20373199662 0.0
9.24625711641 0.0
9.28897872016 0.0
9.33189771573 0.0
9.37501501515 0.0
9.41833153465 0.0
9.46184819472 0.0
9.5055659201 0.0
9.54948563979 0.0
9.59360828709 0.0
9.63793479962 0.0
9.6824661193 0.0
9.72720319245 0.0
9.77214696973 0.0
9.81729840619 0.0
9.86265846131 0.0
9.908228099 0.0
9.95400828762 0.0
10.0 0.0