2.317900000000000000e+04 1.199000000000000040e-05
2.319100000000000000e+04 1.529000000000000099e-05
2.320300000000000000e+04 1.752999999999999987e-05
2.321500000000000000e+04 2.029999999999999876e-05
2.322700000000000000e+04 2.337999999999999977e-05
2.323900000000000000e+04 2.635999999999999834e-05
2.325100000000000000e+04 3.169000000000000321e-05
2.326300000000000000e+04 3.529000000000000263e-05
2.327500000000000000e+04 3.855999999999999673e-05
2.328700000000000000e+04 4.292999999999999724e-05
2.329900000000000000e+04 4.726999999999999974e-05
2.331100000000000000e+04 5.522000000000000324e-05
2.332300000000000000e+04 6.000000000000000152e-05
2.333500000000000000e+04 6.632000000000000200e-05
2.334700000000000000e+04 7.467000000000000167e-05
2.335900000000000000e+04 8.260999999999999680e-05
2.337100000000000000e+04 9.435000000000000298e-05
2.338300000000000000e+04 1.038000000000000023e-04
2.339500000000000000e+04 1.152999999999999972e-04
2.340700000000000000e+04 1.296000000000000060e-04
2.341900000000000000e+04 1.442000000000000085e-04
2.343100000000000000e+04 1.623999999999999901e-04
2.344300000000000000e+04 1.823999999999999884e-04
2.345500000000000000e+04 2.070999999999999924e-04
2.346700000000000000e+04 2.361999999999999950e-04
2.347900000000000000e+04 2.699000000000000010e-04
2.349100000000000000e+04 3.111000000000000267e-04
2.350300000000000000e+04 3.600000000000000227e-04
2.351500000000000000e+04 4.202000000000000223e-04
2.352700000000000000e+04 4.918000000000000279e-04
2.353900000000000000e+04 5.758000000000000097e-04
2.355100000000000000e+04 6.851000000000000102e-04
2.356300000000000000e+04 8.134999999999999870e-04
2.357500000000000000e+04 9.694000000000000360e-04
2.358700000000000000e+04 1.162000000000000055e-03
2.359900000000000000e+04 1.397999999999999937e-03
2.361100000000000000e+04 1.730999999999999900e-03
2.362300000000000000e+04 2.108000000000000065e-03
2.363500000000000000e+04 2.577999999999999996e-03
2.364700000000000000e+04 3.161999999999999880e-03
2.365900000000000000e+04 3.886999999999999830e-03
2.367100000000000000e+04 4.884000000000000320e-03
2.368300000000000000e+04 5.990999999999999798e-03
2.369500000000000000e+04 7.324999999999999914e-03
2.370700000000000000e+04 8.909999999999999518e-03
2.371900000000000000e+04 1.077000000000000006e-02
2.373100000000000000e+04 1.305000000000000084e-02
2.374300000000000000e+04 1.545000000000000019e-02
2.375500000000000000e+04 1.808999999999999844e-02
2.376700000000000000e+04 2.093000000000000069e-02
2.377900000000000000e+04 2.392000000000000029e-02
2.379100000000000000e+04 2.705000000000000113e-02
2.380300000000000000e+04 3.015999999999999931e-02
2.381500000000000000e+04 3.327000000000000096e-02
2.382700000000000000e+04 3.635000000000000037e-02
2.383900000000000000e+04 3.939999999999999752e-02
2.385100000000000000e+04 4.236000000000000182e-02
2.386300000000000000e+04 4.540999999999999898e-02
2.387500000000000000e+04 4.855000000000000288e-02
2.388700000000000000e+04 5.185000000000000026e-02
2.389900000000000000e+04 5.541000000000000092e-02
2.391100000000000000e+04 5.927000000000000324e-02
2.392300000000000000e+04 6.370000000000000662e-02
2.393500000000000000e+04 6.876000000000000167e-02
2.394700000000000000e+04 7.460999999999999577e-02
2.395900000000000000e+04 8.140999999999999626e-02
2.397100000000000000e+04 8.935999999999999499e-02
2.398300000000000000e+04 9.871000000000000607e-02
2.399500000000000000e+04 1.097000000000000058e-01
2.400700000000000000e+04 1.227000000000000035e-01
2.401900000000000000e+04 1.378999999999999948e-01
2.403100000000000000e+04 1.559999999999999998e-01
2.404300000000000000e+04 1.769999999999999907e-01
2.405500000000000000e+04 2.015000000000000124e-01
2.406700000000000000e+04 2.295999999999999985e-01
2.407900000000000000e+04 2.615999999999999992e-01
2.409100000000000000e+04 2.978999999999999981e-01
2.410300000000000000e+04 3.372999999999999887e-01
2.411500000000000000e+04 3.795999999999999930e-01
2.412700000000000000e+04 4.237000000000000210e-01
2.413900000000000000e+04 4.686000000000000165e-01
2.415100000000000000e+04 5.132999999999999785e-01
2.416300000000000000e+04 5.550000000000000488e-01
2.417500000000000000e+04 5.930999999999999606e-01
2.418700000000000000e+04 6.263999999999999568e-01
2.419900000000000000e+04 6.543999999999999817e-01
2.421100000000000000e+04 6.772000000000000242e-01
2.422300000000000000e+04 6.938999999999999613e-01
2.423500000000000000e+04 7.056000000000000050e-01
2.424800000000000000e+04 7.130999999999999561e-01
2.426000000000000000e+04 7.174000000000000377e-01
2.427200000000000000e+04 7.190999999999999615e-01
2.428400000000000000e+04 7.193000000000000504e-01
2.429600000000000000e+04 7.186000000000000165e-01
2.430800000000000000e+04 7.176000000000000156e-01
2.432000000000000000e+04 7.167000000000000037e-01
2.433200000000000000e+04 7.157999999999999918e-01
2.434400000000000000e+04 7.157999999999999918e-01
2.435600000000000000e+04 7.163000000000000478e-01
2.436800000000000000e+04 7.175000000000000266e-01
2.438000000000000000e+04 7.191999999999999504e-01
2.439200000000000000e+04 7.213000000000000522e-01
2.440400000000000000e+04 7.238999999999999879e-01
2.441600000000000000e+04 7.268999999999999906e-01
2.442800000000000000e+04 7.299999999999999822e-01
2.444000000000000000e+04 7.331999999999999629e-01
2.445200000000000000e+04 7.364000000000000545e-01
2.446400000000000000e+04 7.395000000000000462e-01
2.447600000000000000e+04 7.426000000000000378e-01
2.448800000000000000e+04 7.453999999999999515e-01
2.450000000000000000e+04 7.480999999999999872e-01
2.451200000000000000e+04 7.508000000000000229e-01
2.452400000000000000e+04 7.530999999999999917e-01
2.453600000000000000e+04 7.552999999999999714e-01
2.454800000000000000e+04 7.573999999999999622e-01
2.456000000000000000e+04 7.593999999999999639e-01
2.457200000000000000e+04 7.617000000000000437e-01
2.458400000000000000e+04 7.637000000000000455e-01
2.459600000000000000e+04 7.657000000000000473e-01
2.460800000000000000e+04 7.678000000000000380e-01
2.462000000000000000e+04 7.700000000000000178e-01
2.463200000000000000e+04 7.727000000000000535e-01
2.464400000000000000e+04 7.752000000000000002e-01
2.465600000000000000e+04 7.776999999999999469e-01
2.466800000000000000e+04 7.803999999999999826e-01
2.468000000000000000e+04 7.831000000000000183e-01
2.469200000000000000e+04 7.862000000000000099e-01
2.470400000000000000e+04 7.890000000000000346e-01
2.471600000000000000e+04 7.917999999999999483e-01
2.472800000000000000e+04 7.944999999999999840e-01
2.474000000000000000e+04 7.971000000000000307e-01
2.475200000000000000e+04 7.997999999999999554e-01
2.476400000000000000e+04 8.022000000000000242e-01
2.477600000000000000e+04 8.043000000000000149e-01
2.478800000000000000e+04 8.062000000000000277e-01
2.480000000000000000e+04 8.078999999999999515e-01
2.481200000000000000e+04 8.094000000000000083e-01
2.482400000000000000e+04 8.104999999999999982e-01
2.483600000000000000e+04 8.113000000000000211e-01
2.484800000000000000e+04 8.118999999999999551e-01
2.486000000000000000e+04 8.123000000000000220e-01
2.487200000000000000e+04 8.123000000000000220e-01
2.488400000000000000e+04 8.121000000000000441e-01
2.489600000000000000e+04 8.116999999999999771e-01
2.490800000000000000e+04 8.112000000000000322e-01
2.492000000000000000e+04 8.103000000000000203e-01
2.493200000000000000e+04 8.094999999999999973e-01
2.494400000000000000e+04 8.085999999999999854e-01
2.495600000000000000e+04 8.075999999999999845e-01
2.496800000000000000e+04 8.064999999999999947e-01
2.498000000000000000e+04 8.052000000000000268e-01
2.499200000000000000e+04 8.040000000000000480e-01
2.500400000000000000e+04 8.028999999999999471e-01
2.501600000000000000e+04 8.017999999999999572e-01
2.502800000000000000e+04 8.006999999999999673e-01
2.504000000000000000e+04 7.992000000000000215e-01
2.505200000000000000e+04 7.981000000000000316e-01
2.506400000000000000e+04 7.970000000000000417e-01
2.507600000000000000e+04 7.960000000000000409e-01
2.508800000000000000e+04 7.949000000000000510e-01
2.510000000000000000e+04 7.934999999999999831e-01
2.511200000000000000e+04 7.923999999999999932e-01
2.512400000000000000e+04 7.913999999999999924e-01
2.513600000000000000e+04 7.903000000000000025e-01
2.514800000000000000e+04 7.893000000000000016e-01
2.516000000000000000e+04 7.877999999999999448e-01
2.517200000000000000e+04 7.866999999999999549e-01
2.518400000000000000e+04 7.856999999999999540e-01
2.519600000000000000e+04 7.845999999999999641e-01
2.520800000000000000e+04 7.834999999999999742e-01
2.522000000000000000e+04 7.820000000000000284e-01
2.523200000000000000e+04 7.810000000000000275e-01
2.524400000000000000e+04 7.800000000000000266e-01
2.525600000000000000e+04 7.790000000000000258e-01
2.526800000000000000e+04 7.782000000000000028e-01
2.528000000000000000e+04 7.769000000000000350e-01
2.529200000000000000e+04 7.762000000000000011e-01
2.530400000000000000e+04 7.755999999999999561e-01
2.531600000000000000e+04 7.751000000000000112e-01
2.532800000000000000e+04 7.747000000000000552e-01
2.534000000000000000e+04 7.740000000000000213e-01
2.535200000000000000e+04 7.739000000000000323e-01
2.536400000000000000e+04 7.738000000000000433e-01
2.537600000000000000e+04 7.740000000000000213e-01
2.538800000000000000e+04 7.742999999999999883e-01
2.540000000000000000e+04 7.743999999999999773e-01
2.541200000000000000e+04 7.751000000000000112e-01
2.542400000000000000e+04 7.758000000000000451e-01
2.543600000000000000e+04 7.768000000000000460e-01
2.544800000000000000e+04 7.779000000000000359e-01
2.546000000000000000e+04 7.788000000000000478e-01
2.547200000000000000e+04 7.802000000000000046e-01
2.548400000000000000e+04 7.816999999999999504e-01
2.549700000000000000e+04 7.832000000000000073e-01
2.550900000000000000e+04 7.848000000000000531e-01
2.552100000000000000e+04 7.862999999999999989e-01
2.553300000000000000e+04 7.880000000000000338e-01
2.554500000000000000e+04 7.896999999999999575e-01
2.555700000000000000e+04 7.915999999999999703e-01
2.556900000000000000e+04 7.934999999999999831e-01
2.558100000000000000e+04 7.953999999999999959e-01
2.559300000000000000e+04 7.973999999999999977e-01
2.560500000000000000e+04 7.993999999999999995e-01
2.561700000000000000e+04 8.012000000000000233e-01
2.562900000000000000e+04 8.028999999999999471e-01
2.564100000000000000e+04 8.044999999999999929e-01
2.565300000000000000e+04 8.061000000000000387e-01
2.566500000000000000e+04 8.075999999999999845e-01
2.567700000000000000e+04 8.086999999999999744e-01
2.568900000000000000e+04 8.098999999999999533e-01
2.570100000000000000e+04 8.112000000000000322e-01
2.571300000000000000e+04 8.123000000000000220e-01
2.572500000000000000e+04 8.134000000000000119e-01
2.573700000000000000e+04 8.145000000000000018e-01
2.574900000000000000e+04 8.153000000000000247e-01
2.576100000000000000e+04 8.161000000000000476e-01
2.577300000000000000e+04 8.168999999999999595e-01
2.578500000000000000e+04 8.175999999999999934e-01
2.579700000000000000e+04 8.183000000000000274e-01
2.580900000000000000e+04 8.192000000000000393e-01
2.582100000000000000e+04 8.199999999999999512e-01
2.583300000000000000e+04 8.205999999999999961e-01
2.584500000000000000e+04 8.214000000000000190e-01
2.585700000000000000e+04 8.219999999999999529e-01
2.586900000000000000e+04 8.225000000000000089e-01
2.588100000000000000e+04 8.231000000000000538e-01
2.589300000000000000e+04 8.234000000000000208e-01
2.590500000000000000e+04 8.244000000000000217e-01
2.591700000000000000e+04 8.258999999999999675e-01
2.592900000000000000e+04 8.266999999999999904e-01
2.594100000000000000e+04 8.274000000000000243e-01
2.595300000000000000e+04 8.277999999999999803e-01
2.596500000000000000e+04 8.282000000000000473e-01
2.597700000000000000e+04 8.287999999999999812e-01
2.598900000000000000e+04 8.293000000000000371e-01
2.600100000000000000e+04 8.294000000000000261e-01
2.601300000000000000e+04 8.290999999999999481e-01
2.602500000000000000e+04 8.294000000000000261e-01
2.603700000000000000e+04 8.297999999999999821e-01
2.604900000000000000e+04 8.300999999999999490e-01
2.606100000000000000e+04 8.306000000000000050e-01
2.607300000000000000e+04 8.306999999999999940e-01
2.608500000000000000e+04 8.306999999999999940e-01
2.609700000000000000e+04 8.306000000000000050e-01
2.610900000000000000e+04 8.300999999999999490e-01
2.612100000000000000e+04 8.298999999999999710e-01
2.613300000000000000e+04 8.298999999999999710e-01
2.614500000000000000e+04 8.298999999999999710e-01
2.615700000000000000e+04 8.296999999999999931e-01
2.616900000000000000e+04 8.298999999999999710e-01
2.618100000000000000e+04 8.299999999999999600e-01
2.619300000000000000e+04 8.295000000000000151e-01
2.620500000000000000e+04 8.289999999999999591e-01
2.621700000000000000e+04 8.284000000000000252e-01
2.622900000000000000e+04 8.278999999999999693e-01
2.624100000000000000e+04 8.275000000000000133e-01
2.625300000000000000e+04 8.267999999999999794e-01
2.626500000000000000e+04 8.262000000000000455e-01
2.627700000000000000e+04 8.257999999999999785e-01
2.628900000000000000e+04 8.253000000000000336e-01
2.630100000000000000e+04 8.249999999999999556e-01
2.631300000000000000e+04 8.244000000000000217e-01
2.632500000000000000e+04 8.234000000000000208e-01
2.633700000000000000e+04 8.225000000000000089e-01
2.634900000000000000e+04 8.217999999999999750e-01
2.636100000000000000e+04 8.206999999999999851e-01
2.637300000000000000e+04 8.196999999999999842e-01
2.638500000000000000e+04 8.189999999999999503e-01
2.639700000000000000e+04 8.184000000000000163e-01
2.640900000000000000e+04 8.177999999999999714e-01
2.642100000000000000e+04 8.174000000000000155e-01
2.643300000000000000e+04 8.169999999999999485e-01
2.644500000000000000e+04 8.165000000000000036e-01
2.645700000000000000e+04 8.161000000000000476e-01
2.646900000000000000e+04 8.156999999999999806e-01
2.648100000000000000e+04 8.152000000000000357e-01
2.649300000000000000e+04 8.151000000000000467e-01
2.650500000000000000e+04 8.147999999999999687e-01
2.651700000000000000e+04 8.145999999999999908e-01
2.652900000000000000e+04 8.143000000000000238e-01
2.654100000000000000e+04 8.137999999999999678e-01
2.655300000000000000e+04 8.137999999999999678e-01
2.656500000000000000e+04 8.137999999999999678e-01
2.657700000000000000e+04 8.135999999999999899e-01
2.658900000000000000e+04 8.134000000000000119e-01
2.660100000000000000e+04 8.131000000000000449e-01
2.661300000000000000e+04 8.135999999999999899e-01
2.662500000000000000e+04 8.142000000000000348e-01
2.663700000000000000e+04 8.147999999999999687e-01
2.664900000000000000e+04 8.149999999999999467e-01
2.666100000000000000e+04 8.152000000000000357e-01
2.667300000000000000e+04 8.159999999999999476e-01
2.668500000000000000e+04 8.163000000000000256e-01
2.669700000000000000e+04 8.162000000000000366e-01
2.670900000000000000e+04 8.157999999999999696e-01
2.672100000000000000e+04 8.152000000000000357e-01
2.673400000000000000e+04 8.151000000000000467e-01
2.674600000000000000e+04 8.153000000000000247e-01
2.675800000000000000e+04 8.152000000000000357e-01
2.677000000000000000e+04 8.145999999999999908e-01
2.678200000000000000e+04 8.143000000000000238e-01
2.679400000000000000e+04 8.145999999999999908e-01
2.680600000000000000e+04 8.147999999999999687e-01
2.681800000000000000e+04 8.147999999999999687e-01
2.683000000000000000e+04 8.145999999999999908e-01
2.684200000000000000e+04 8.144000000000000128e-01
2.685400000000000000e+04 8.142000000000000348e-01
2.686600000000000000e+04 8.142000000000000348e-01
2.687800000000000000e+04 8.144000000000000128e-01
2.689000000000000000e+04 8.145999999999999908e-01
2.690200000000000000e+04 8.149999999999999467e-01
2.691400000000000000e+04 8.154000000000000137e-01
2.692600000000000000e+04 8.156999999999999806e-01
2.693800000000000000e+04 8.158999999999999586e-01
2.695000000000000000e+04 8.161000000000000476e-01
2.696200000000000000e+04 8.164000000000000146e-01
2.697400000000000000e+04 8.167999999999999705e-01
2.698600000000000000e+04 8.169999999999999485e-01
2.699800000000000000e+04 8.168999999999999595e-01
2.701000000000000000e+04 8.168999999999999595e-01
2.702200000000000000e+04 8.175000000000000044e-01
2.703400000000000000e+04 8.179999999999999494e-01
2.704600000000000000e+04 8.186999999999999833e-01
2.705800000000000000e+04 8.194000000000000172e-01
2.707000000000000000e+04 8.204000000000000181e-01
2.708200000000000000e+04 8.215999999999999970e-01
2.709400000000000000e+04 8.222000000000000419e-01
2.710600000000000000e+04 8.226999999999999869e-01
2.711800000000000000e+04 8.232000000000000428e-01
2.713000000000000000e+04 8.236999999999999877e-01
2.714200000000000000e+04 8.244000000000000217e-01
2.715400000000000000e+04 8.247999999999999776e-01
2.716600000000000000e+04 8.253000000000000336e-01
2.717800000000000000e+04 8.257999999999999785e-01
2.719000000000000000e+04 8.262000000000000455e-01
2.720200000000000000e+04 8.272000000000000464e-01
2.721400000000000000e+04 8.279999999999999583e-01
2.722600000000000000e+04 8.285000000000000142e-01
2.723800000000000000e+04 8.286000000000000032e-01
2.725000000000000000e+04 8.285000000000000142e-01
2.726200000000000000e+04 8.280999999999999472e-01
2.727400000000000000e+04 8.276999999999999913e-01
2.728600000000000000e+04 8.274000000000000243e-01
2.729800000000000000e+04 8.269999999999999574e-01
2.731000000000000000e+04 8.266999999999999904e-01
2.732200000000000000e+04 8.266000000000000014e-01
2.733400000000000000e+04 8.265000000000000124e-01
2.734600000000000000e+04 8.265000000000000124e-01
2.735800000000000000e+04 8.267999999999999794e-01
2.737000000000000000e+04 8.270999999999999464e-01
2.738200000000000000e+04 8.272000000000000464e-01
2.739400000000000000e+04 8.268999999999999684e-01
2.740600000000000000e+04 8.263000000000000345e-01
2.741800000000000000e+04 8.257999999999999785e-01
2.743000000000000000e+04 8.252000000000000446e-01
2.744200000000000000e+04 8.245999999999999996e-01
2.745400000000000000e+04 8.235999999999999988e-01
2.746600000000000000e+04 8.225999999999999979e-01
2.747800000000000000e+04 8.217999999999999750e-01
2.749000000000000000e+04 8.211000000000000520e-01
2.750200000000000000e+04 8.207999999999999741e-01
2.751400000000000000e+04 8.207999999999999741e-01
2.752600000000000000e+04 8.208999999999999631e-01
2.753800000000000000e+04 8.206999999999999851e-01
2.755000000000000000e+04 8.202000000000000401e-01
2.756200000000000000e+04 8.197999999999999732e-01
2.757400000000000000e+04 8.194000000000000172e-01
2.758600000000000000e+04 8.193000000000000282e-01
2.759800000000000000e+04 8.191000000000000503e-01
2.761000000000000000e+04 8.184000000000000163e-01
2.762200000000000000e+04 8.177999999999999714e-01
2.763400000000000000e+04 8.175999999999999934e-01
2.764600000000000000e+04 8.175999999999999934e-01
2.765800000000000000e+04 8.176999999999999824e-01
2.767000000000000000e+04 8.178999999999999604e-01
2.768200000000000000e+04 8.178999999999999604e-01
2.769400000000000000e+04 8.178999999999999604e-01
2.770600000000000000e+04 8.178999999999999604e-01
2.771800000000000000e+04 8.179999999999999494e-01
2.773000000000000000e+04 8.183000000000000274e-01
2.774200000000000000e+04 8.185000000000000053e-01
2.775400000000000000e+04 8.187999999999999723e-01
2.776600000000000000e+04 8.189999999999999503e-01
2.777800000000000000e+04 8.194000000000000172e-01
2.779000000000000000e+04 8.202000000000000401e-01
2.780200000000000000e+04 8.207999999999999741e-01
2.781400000000000000e+04 8.214000000000000190e-01
2.782600000000000000e+04 8.222000000000000419e-01
2.783800000000000000e+04 8.229999999999999538e-01
2.785000000000000000e+04 8.241000000000000547e-01
2.786200000000000000e+04 8.247999999999999776e-01
2.787400000000000000e+04 8.254000000000000226e-01
2.788600000000000000e+04 8.260999999999999455e-01
2.789800000000000000e+04 8.267999999999999794e-01
2.791000000000000000e+04 8.277999999999999803e-01
2.792200000000000000e+04 8.283000000000000362e-01
2.793400000000000000e+04 8.287999999999999812e-01
2.794600000000000000e+04 8.293000000000000371e-01
2.795800000000000000e+04 8.298999999999999710e-01
2.797000000000000000e+04 8.308999999999999719e-01
2.798300000000000000e+04 8.316000000000000059e-01
2.799500000000000000e+04 8.324000000000000288e-01
2.800700000000000000e+04 8.330999999999999517e-01
2.801900000000000000e+04 8.336999999999999966e-01
2.803100000000000000e+04 8.344000000000000306e-01
2.804300000000000000e+04 8.347999999999999865e-01
2.805500000000000000e+04 8.352000000000000535e-01
2.806700000000000000e+04 8.355000000000000204e-01
2.807900000000000000e+04 8.356999999999999984e-01
2.809100000000000000e+04 8.358999999999999764e-01
2.810300000000000000e+04 8.358999999999999764e-01
2.811500000000000000e+04 8.358999999999999764e-01
2.812700000000000000e+04 8.359999999999999654e-01
2.813900000000000000e+04 8.360999999999999543e-01
2.815100000000000000e+04 8.362000000000000544e-01
2.816300000000000000e+04 8.362000000000000544e-01
2.817500000000000000e+04 8.362000000000000544e-01
2.818700000000000000e+04 8.362000000000000544e-01
2.819900000000000000e+04 8.360999999999999543e-01
2.821100000000000000e+04 8.358999999999999764e-01
2.822300000000000000e+04 8.356999999999999984e-01
2.823500000000000000e+04 8.356000000000000094e-01
2.824700000000000000e+04 8.354000000000000314e-01
2.825900000000000000e+04 8.350999999999999535e-01
2.827100000000000000e+04 8.347999999999999865e-01
2.828300000000000000e+04 8.346000000000000085e-01
2.829500000000000000e+04 8.345000000000000195e-01
2.830700000000000000e+04 8.344000000000000306e-01
2.831900000000000000e+04 8.344000000000000306e-01
2.833100000000000000e+04 8.340999999999999526e-01
2.834300000000000000e+04 8.340999999999999526e-01
2.835500000000000000e+04 8.339999999999999636e-01
2.836700000000000000e+04 8.339999999999999636e-01
2.837900000000000000e+04 8.339999999999999636e-01
2.839100000000000000e+04 8.337999999999999856e-01
2.840300000000000000e+04 8.338999999999999746e-01
2.841500000000000000e+04 8.338999999999999746e-01
2.842700000000000000e+04 8.339999999999999636e-01
2.843900000000000000e+04 8.342000000000000526e-01
2.845100000000000000e+04 8.342000000000000526e-01
2.846300000000000000e+04 8.344000000000000306e-01
2.847500000000000000e+04 8.346999999999999975e-01
2.848700000000000000e+04 8.349999999999999645e-01
2.849900000000000000e+04 8.353000000000000425e-01
2.851100000000000000e+04 8.355000000000000204e-01
2.852300000000000000e+04 8.358999999999999764e-01
2.853500000000000000e+04 8.363000000000000433e-01
2.854700000000000000e+04 8.366999999999999993e-01
2.855900000000000000e+04 8.370999999999999552e-01
2.857100000000000000e+04 8.375000000000000222e-01
2.858300000000000000e+04 8.378999999999999782e-01
2.859500000000000000e+04 8.383000000000000451e-01
2.860700000000000000e+04 8.387999999999999901e-01
2.861900000000000000e+04 8.391999999999999460e-01
2.863100000000000000e+04 8.397000000000000020e-01
2.864300000000000000e+04 8.401999999999999469e-01
2.865500000000000000e+04 8.406000000000000139e-01
2.866700000000000000e+04 8.410999999999999588e-01
2.867900000000000000e+04 8.416000000000000147e-01
2.869100000000000000e+04 8.420999999999999597e-01
2.870300000000000000e+04 8.426000000000000156e-01
2.871500000000000000e+04 8.429999999999999716e-01
2.872700000000000000e+04 8.435000000000000275e-01
2.873900000000000000e+04 8.438999999999999835e-01
2.875100000000000000e+04 8.444000000000000394e-01
2.876300000000000000e+04 8.447999999999999954e-01
2.877500000000000000e+04 8.451999999999999513e-01
2.878700000000000000e+04 8.456000000000000183e-01
2.879900000000000000e+04 8.458999999999999853e-01
2.881100000000000000e+04 8.464000000000000412e-01
2.882300000000000000e+04 8.467999999999999972e-01
2.883500000000000000e+04 8.470999999999999641e-01
2.884700000000000000e+04 8.474000000000000421e-01
2.885900000000000000e+04 8.477000000000000091e-01
2.887100000000000000e+04 8.480999999999999650e-01
2.888300000000000000e+04 8.483000000000000540e-01
2.889500000000000000e+04 8.485000000000000320e-01
2.890700000000000000e+04 8.487000000000000099e-01
2.891900000000000000e+04 8.488999999999999879e-01
2.893100000000000000e+04 8.490999999999999659e-01
2.894300000000000000e+04 8.493000000000000549e-01
2.895500000000000000e+04 8.494000000000000439e-01
2.896700000000000000e+04 8.495000000000000329e-01
2.897900000000000000e+04 8.496000000000000218e-01
2.899100000000000000e+04 8.496000000000000218e-01
2.900300000000000000e+04 8.496000000000000218e-01
2.901500000000000000e+04 8.496000000000000218e-01
2.902700000000000000e+04 8.495000000000000329e-01
2.903900000000000000e+04 8.494000000000000439e-01
2.905100000000000000e+04 8.490999999999999659e-01
2.906300000000000000e+04 8.488999999999999879e-01
2.907500000000000000e+04 8.487000000000000099e-01
2.908700000000000000e+04 8.484000000000000430e-01
2.909900000000000000e+04 8.480999999999999650e-01
2.911100000000000000e+04 8.475000000000000311e-01
2.912300000000000000e+04 8.470999999999999641e-01
2.913500000000000000e+04 8.467000000000000082e-01
2.914700000000000000e+04 8.461999999999999522e-01
2.915900000000000000e+04 8.457000000000000073e-01
2.917100000000000000e+04 8.447999999999999954e-01
2.918300000000000000e+04 8.443000000000000504e-01
2.919500000000000000e+04 8.436000000000000165e-01
2.920700000000000000e+04 8.429999999999999716e-01
2.922000000000000000e+04 8.423000000000000487e-01
2.923200000000000000e+04 8.411999999999999478e-01
2.924400000000000000e+04 8.404000000000000359e-01
2.925600000000000000e+04 8.397000000000000020e-01
2.926800000000000000e+04 8.388999999999999790e-01
2.928000000000000000e+04 8.380999999999999561e-01
2.929200000000000000e+04 8.367999999999999883e-01
2.930400000000000000e+04 8.359999999999999654e-01
2.931600000000000000e+04 8.350999999999999535e-01
2.932800000000000000e+04 8.343000000000000416e-01
2.934000000000000000e+04 8.335000000000000187e-01
2.935200000000000000e+04 8.323000000000000398e-01
2.936400000000000000e+04 8.315000000000000169e-01
2.937600000000000000e+04 8.306999999999999940e-01
2.938800000000000000e+04 8.299999999999999600e-01
2.940000000000000000e+04 8.293000000000000371e-01
2.941200000000000000e+04 8.283000000000000362e-01
2.942400000000000000e+04 8.276000000000000023e-01
2.943600000000000000e+04 8.270999999999999464e-01
2.944800000000000000e+04 8.265000000000000124e-01
2.946000000000000000e+04 8.259999999999999565e-01
2.947200000000000000e+04 8.253000000000000336e-01
2.948400000000000000e+04 8.248999999999999666e-01
2.949600000000000000e+04 8.245999999999999996e-01
2.950800000000000000e+04 8.243000000000000327e-01
2.952000000000000000e+04 8.241000000000000547e-01
2.953200000000000000e+04 8.237999999999999767e-01
2.954400000000000000e+04 8.236999999999999877e-01
2.955600000000000000e+04 8.235999999999999988e-01
2.956800000000000000e+04 8.235999999999999988e-01
2.958000000000000000e+04 8.236999999999999877e-01
2.959200000000000000e+04 8.237999999999999767e-01
2.960400000000000000e+04 8.238999999999999657e-01
2.961600000000000000e+04 8.241000000000000547e-01
2.962800000000000000e+04 8.244000000000000217e-01
2.964000000000000000e+04 8.246999999999999886e-01
2.965200000000000000e+04 8.250999999999999446e-01
2.966400000000000000e+04 8.255000000000000115e-01
2.967600000000000000e+04 8.258999999999999675e-01
2.968800000000000000e+04 8.263000000000000345e-01
2.970000000000000000e+04 8.266999999999999904e-01
2.971200000000000000e+04 8.273000000000000353e-01
2.972400000000000000e+04 8.277999999999999803e-01
2.973600000000000000e+04 8.282000000000000473e-01
2.974800000000000000e+04 8.286999999999999922e-01
2.976000000000000000e+04 8.290999999999999481e-01
2.977200000000000000e+04 8.298999999999999710e-01
2.978400000000000000e+04 8.303000000000000380e-01
2.979600000000000000e+04 8.306999999999999940e-01
2.980800000000000000e+04 8.310999999999999499e-01
2.982000000000000000e+04 8.314000000000000279e-01
2.983200000000000000e+04 8.320999999999999508e-01
2.984400000000000000e+04 8.325000000000000178e-01
2.985600000000000000e+04 8.326999999999999957e-01
2.986800000000000000e+04 8.329999999999999627e-01
2.988000000000000000e+04 8.336000000000000076e-01
2.989200000000000000e+04 8.337999999999999856e-01
2.990400000000000000e+04 8.339999999999999636e-01
2.991600000000000000e+04 8.340999999999999526e-01
2.992800000000000000e+04 8.342000000000000526e-01
2.994000000000000000e+04 8.347999999999999865e-01
2.995200000000000000e+04 8.347999999999999865e-01
2.996400000000000000e+04 8.348999999999999755e-01
2.997600000000000000e+04 8.348999999999999755e-01
2.998800000000000000e+04 8.348999999999999755e-01
3.000000000000000000e+04 8.353000000000000425e-01
3.001200000000000000e+04 8.353000000000000425e-01
3.002400000000000000e+04 8.354000000000000314e-01
3.003600000000000000e+04 8.354000000000000314e-01
3.004800000000000000e+04 8.354000000000000314e-01
3.006000000000000000e+04 8.357999999999999874e-01
3.007200000000000000e+04 8.357999999999999874e-01
3.008400000000000000e+04 8.358999999999999764e-01
3.009600000000000000e+04 8.359999999999999654e-01
3.010800000000000000e+04 8.359999999999999654e-01
3.012000000000000000e+04 8.364000000000000323e-01
3.013200000000000000e+04 8.366000000000000103e-01
3.014400000000000000e+04 8.366999999999999993e-01
3.015600000000000000e+04 8.368999999999999773e-01
3.016800000000000000e+04 8.372000000000000552e-01
3.018000000000000000e+04 8.376000000000000112e-01
3.019200000000000000e+04 8.378999999999999782e-01
3.020400000000000000e+04 8.381999999999999451e-01
3.021600000000000000e+04 8.386000000000000121e-01
3.022800000000000000e+04 8.388999999999999790e-01
3.024000000000000000e+04 8.394000000000000350e-01
3.025200000000000000e+04 8.397999999999999909e-01
3.026400000000000000e+04 8.401999999999999469e-01
3.027600000000000000e+04 8.406000000000000139e-01
3.028800000000000000e+04 8.410999999999999588e-01
3.030000000000000000e+04 8.415000000000000258e-01
3.031200000000000000e+04 8.419999999999999707e-01
3.032400000000000000e+04 8.424000000000000377e-01
3.033600000000000000e+04 8.428999999999999826e-01
3.034800000000000000e+04 8.434000000000000385e-01
3.036000000000000000e+04 8.437000000000000055e-01
3.037200000000000000e+04 8.440999999999999615e-01
3.038400000000000000e+04 8.445000000000000284e-01
3.039600000000000000e+04 8.447999999999999954e-01
3.040800000000000000e+04 8.450999999999999623e-01
3.042000000000000000e+04 8.451999999999999513e-01
3.043200000000000000e+04 8.455000000000000293e-01
3.044400000000000000e+04 8.457000000000000073e-01
3.045600000000000000e+04 8.458999999999999853e-01
3.046900000000000000e+04 8.459999999999999742e-01
3.048100000000000000e+04 8.457999999999999963e-01
3.049300000000000000e+04 8.458999999999999853e-01
3.050500000000000000e+04 8.457999999999999963e-01
3.051700000000000000e+04 8.457999999999999963e-01
3.052900000000000000e+04 8.457000000000000073e-01
3.054100000000000000e+04 8.453000000000000513e-01
3.055300000000000000e+04 8.450999999999999623e-01
3.056500000000000000e+04 8.447999999999999954e-01
3.057700000000000000e+04 8.446000000000000174e-01
3.058900000000000000e+04 8.441999999999999504e-01
3.060100000000000000e+04 8.437000000000000055e-01
3.061300000000000000e+04 8.434000000000000385e-01
3.062500000000000000e+04 8.429999999999999716e-01
3.063700000000000000e+04 8.426000000000000156e-01
3.064900000000000000e+04 8.421999999999999487e-01
3.066100000000000000e+04 8.417000000000000037e-01
3.067300000000000000e+04 8.413000000000000478e-01
3.068500000000000000e+04 8.408999999999999808e-01
3.069700000000000000e+04 8.406000000000000139e-01
3.070900000000000000e+04 8.401999999999999469e-01
3.072100000000000000e+04 8.397999999999999909e-01
3.073300000000000000e+04 8.396000000000000130e-01
3.074500000000000000e+04 8.393000000000000460e-01
3.075700000000000000e+04 8.390999999999999570e-01
3.076900000000000000e+04 8.388999999999999790e-01
3.078100000000000000e+04 8.387999999999999901e-01
3.079300000000000000e+04 8.387999999999999901e-01
3.080500000000000000e+04 8.387999999999999901e-01
3.081700000000000000e+04 8.387999999999999901e-01
3.082900000000000000e+04 8.388999999999999790e-01
3.084100000000000000e+04 8.390999999999999570e-01
3.085300000000000000e+04 8.394000000000000350e-01
3.086500000000000000e+04 8.396000000000000130e-01
3.087700000000000000e+04 8.398999999999999799e-01
3.088900000000000000e+04 8.403000000000000469e-01
3.090100000000000000e+04 8.407999999999999918e-01
3.091300000000000000e+04 8.413000000000000478e-01
3.092500000000000000e+04 8.417000000000000037e-01
3.093700000000000000e+04 8.421999999999999487e-01
3.094900000000000000e+04 8.426000000000000156e-01
3.096100000000000000e+04 8.433000000000000496e-01
3.097300000000000000e+04 8.437000000000000055e-01
3.098500000000000000e+04 8.439999999999999725e-01
3.099700000000000000e+04 8.441999999999999504e-01
3.100900000000000000e+04 8.444000000000000394e-01
3.102100000000000000e+04 8.446000000000000174e-01
3.103300000000000000e+04 8.444000000000000394e-01
3.104500000000000000e+04 8.439999999999999725e-01
3.105700000000000000e+04 8.434000000000000385e-01
3.106900000000000000e+04 8.424000000000000377e-01
3.108100000000000000e+04 8.413000000000000478e-01
3.109300000000000000e+04 8.395000000000000240e-01
3.110500000000000000e+04 8.373000000000000442e-01
3.111700000000000000e+04 8.344000000000000306e-01
3.112900000000000000e+04 8.309999999999999609e-01
3.114100000000000000e+04 8.270999999999999464e-01
3.115300000000000000e+04 8.221000000000000529e-01
3.116500000000000000e+04 8.163000000000000256e-01
3.117700000000000000e+04 8.095999999999999863e-01
3.118900000000000000e+04 8.017999999999999572e-01
3.120100000000000000e+04 7.933000000000000052e-01
3.121300000000000000e+04 7.832999999999999963e-01
3.122500000000000000e+04 7.721000000000000085e-01
3.123700000000000000e+04 7.597000000000000419e-01
3.124900000000000000e+04 7.459999999999999964e-01
3.126100000000000000e+04 7.312999999999999501e-01
3.127300000000000000e+04 7.149999999999999689e-01
3.128500000000000000e+04 6.975000000000000089e-01
3.129700000000000000e+04 6.788999999999999480e-01
3.130900000000000000e+04 6.591000000000000192e-01
3.132100000000000000e+04 6.383999999999999675e-01
3.133300000000000000e+04 6.166000000000000369e-01
3.134500000000000000e+04 5.940999999999999615e-01
3.135700000000000000e+04 5.707999999999999741e-01
3.136900000000000000e+04 5.471000000000000307e-01
3.138100000000000000e+04 5.231000000000000094e-01
3.139300000000000000e+04 4.988000000000000211e-01
3.140500000000000000e+04 4.744999999999999774e-01
3.141700000000000000e+04 4.504000000000000226e-01
3.142900000000000000e+04 4.264999999999999902e-01
3.144100000000000000e+04 4.031000000000000139e-01
3.145300000000000000e+04 3.800999999999999934e-01
3.146500000000000000e+04 3.578999999999999959e-01
3.147700000000000000e+04 3.362999999999999878e-01
3.148900000000000000e+04 3.155999999999999917e-01
3.150100000000000000e+04 2.958000000000000074e-01
3.151300000000000000e+04 2.768999999999999795e-01
3.152500000000000000e+04 2.589000000000000190e-01
3.153700000000000000e+04 2.419000000000000039e-01
3.154900000000000000e+04 2.258000000000000007e-01
3.156100000000000000e+04 2.107999999999999874e-01
3.157300000000000000e+04 1.965999999999999970e-01
3.158500000000000000e+04 1.832999999999999907e-01
3.159700000000000000e+04 1.708999999999999964e-01
3.160900000000000000e+04 1.592999999999999972e-01
3.162100000000000000e+04 1.486000000000000099e-01
3.163300000000000000e+04 1.385000000000000120e-01
3.164500000000000000e+04 1.292000000000000093e-01
3.165700000000000000e+04 1.205999999999999989e-01
3.166900000000000000e+04 1.126000000000000056e-01
3.168100000000000000e+04 1.050999999999999990e-01
3.169300000000000000e+04 9.822999999999999787e-02
3.170600000000000000e+04 9.185000000000000109e-02
3.171800000000000000e+04 8.594999999999999862e-02
3.173000000000000000e+04 8.046999999999999986e-02
3.174200000000000000e+04 7.541000000000000481e-02
3.175400000000000000e+04 7.070999999999999508e-02
3.176600000000000000e+04 6.636999999999999844e-02
3.177800000000000000e+04 6.233000000000000346e-02
3.179000000000000000e+04 5.859999999999999931e-02
3.180200000000000000e+04 5.512999999999999845e-02
3.181400000000000000e+04 5.192000000000000087e-02
3.182600000000000000e+04 4.893000000000000127e-02
3.183800000000000000e+04 4.615999999999999964e-02
3.185000000000000000e+04 4.358000000000000068e-02
3.186200000000000000e+04 4.118999999999999745e-02
3.187400000000000000e+04 3.896000000000000157e-02
3.188600000000000000e+04 3.688999999999999918e-02
3.189800000000000000e+04 3.495000000000000190e-02
3.191000000000000000e+04 3.314999999999999891e-02
3.192200000000000000e+04 3.146999999999999797e-02
3.193400000000000000e+04 2.990999999999999909e-02
3.194600000000000000e+04 2.844000000000000000e-02
3.195800000000000000e+04 2.707000000000000031e-02
3.197000000000000000e+04 2.578000000000000083e-02
3.198200000000000000e+04 2.458000000000000115e-02
3.199400000000000000e+04 2.344999999999999862e-02
3.200600000000000000e+04 2.239000000000000018e-02
3.201800000000000000e+04 2.138999999999999929e-02
3.203000000000000000e+04 2.045999999999999902e-02
3.204200000000000000e+04 1.958000000000000018e-02
3.205400000000000000e+04 1.874999999999999931e-02
3.206600000000000000e+04 1.796999999999999986e-02
3.207800000000000000e+04 1.722999999999999879e-02
3.209000000000000000e+04 1.652999999999999955e-02
3.210200000000000000e+04 1.587999999999999828e-02
3.211400000000000000e+04 1.524999999999999967e-02
3.212600000000000000e+04 1.464999999999999983e-02
3.213800000000000000e+04 1.409000000000000009e-02
3.215000000000000000e+04 1.354999999999999954e-02
3.216200000000000000e+04 1.303999999999999951e-02
3.217400000000000000e+04 1.255000000000000039e-02
3.218600000000000000e+04 1.208000000000000046e-02
3.219800000000000000e+04 1.163999999999999931e-02
3.221000000000000000e+04 1.120999999999999948e-02
3.222200000000000000e+04 1.081000000000000016e-02
3.223400000000000000e+04 1.041000000000000085e-02
3.224600000000000000e+04 1.004000000000000031e-02
3.225800000000000000e+04 9.674000000000000307e-03
3.227000000000000000e+04 9.324999999999999956e-03
3.228200000000000000e+04 8.991000000000000728e-03
3.229400000000000000e+04 8.666999999999999357e-03
3.230600000000000000e+04 8.356999999999999845e-03
3.231800000000000000e+04 8.056000000000000660e-03
3.233000000000000000e+04 7.764000000000000068e-03
3.234200000000000000e+04 7.481999999999999935e-03
3.235400000000000000e+04 7.207999999999999997e-03
3.236600000000000000e+04 6.943999999999999652e-03
3.237800000000000000e+04 6.683999999999999837e-03
3.239000000000000000e+04 6.433000000000000350e-03
3.240200000000000000e+04 6.191000000000000322e-03
3.241400000000000000e+04 5.956000000000000356e-03
3.242600000000000000e+04 5.729999999999999850e-03
3.243800000000000000e+04 5.506999999999999743e-03
3.245000000000000000e+04 5.290999999999999696e-03
3.246200000000000000e+04 5.081999999999999712e-03
3.247400000000000000e+04 4.878000000000000391e-03
3.248600000000000000e+04 4.681000000000000265e-03
3.249800000000000000e+04 4.486999999999999669e-03
3.251000000000000000e+04 4.300000000000000003e-03
3.252200000000000000e+04 4.119000000000000265e-03
3.253400000000000000e+04 3.943000000000000324e-03
3.254600000000000000e+04 3.772999999999999878e-03
3.255800000000000000e+04 3.605999999999999830e-03
3.257000000000000000e+04 3.445999999999999844e-03
3.258200000000000000e+04 3.291999999999999788e-03
3.259400000000000000e+04 3.141999999999999828e-03
3.260600000000000000e+04 2.997000000000000098e-03
3.261800000000000000e+04 2.854999999999999899e-03
3.263000000000000000e+04 2.720000000000000195e-03
3.264200000000000000e+04 2.590999999999999987e-03
3.265400000000000000e+04 2.468999999999999841e-03
3.266600000000000000e+04 2.350000000000000092e-03
3.267800000000000000e+04 2.235000000000000007e-03
3.269000000000000000e+04 2.125000000000000153e-03
3.270200000000000000e+04 2.017999999999999829e-03
3.271400000000000000e+04 1.918000000000000000e-03
3.272600000000000000e+04 1.820999999999999919e-03
3.273800000000000000e+04 1.727000000000000019e-03
3.275000000000000000e+04 1.637999999999999916e-03
3.276200000000000000e+04 1.551999999999999994e-03
3.277400000000000000e+04 1.472000000000000001e-03
3.278600000000000000e+04 1.394999999999999973e-03
3.279800000000000000e+04 1.320999999999999909e-03
3.281000000000000000e+04 1.252999999999999991e-03
3.282200000000000000e+04 1.185999999999999988e-03
3.283400000000000000e+04 1.124999999999999915e-03
3.284600000000000000e+04 1.067000000000000023e-03
3.285800000000000000e+04 1.010999999999999963e-03
3.287000000000000000e+04 9.600999999999999725e-04
3.288200000000000000e+04 9.099000000000000534e-04
3.289400000000000000e+04 8.643000000000000292e-04
3.290600000000000000e+04 8.201999999999999872e-04
3.291800000000000000e+04 7.776999999999999842e-04
3.293000000000000000e+04 7.382000000000000541e-04
3.294200000000000000e+04 6.993999999999999783e-04
3.295500000000000000e+04 6.641000000000000418e-04
3.296700000000000000e+04 6.294999999999999598e-04
3.297900000000000000e+04 5.961000000000000153e-04
3.299100000000000000e+04 5.651999999999999689e-04
3.300300000000000000e+04 5.341999999999999743e-04
3.301500000000000000e+04 5.073000000000000252e-04
3.302700000000000000e+04 4.822000000000000114e-04
3.303900000000000000e+04 4.574000000000000049e-04
3.305100000000000000e+04 4.355000000000000147e-04
3.306300000000000000e+04 4.138999999999999776e-04
3.307500000000000000e+04 3.955000000000000182e-04
3.308700000000000000e+04 3.790999999999999990e-04
3.309900000000000000e+04 3.634999999999999993e-04
3.311100000000000000e+04 3.486000000000000166e-04
3.312300000000000000e+04 3.322999999999999999e-04
3.313500000000000000e+04 3.183999999999999873e-04
3.314700000000000000e+04 3.048999999999999844e-04
3.315900000000000000e+04 2.914999999999999840e-04
3.317100000000000000e+04 2.803999999999999852e-04
3.318300000000000000e+04 2.680000000000000090e-04
3.319500000000000000e+04 2.565000000000000006e-04
3.320700000000000000e+04 2.471999999999999914e-04
3.321900000000000000e+04 2.391000000000000113e-04
3.323100000000000000e+04 2.334000000000000083e-04
3.324300000000000000e+04 2.261999999999999959e-04
3.325500000000000000e+04 2.191000000000000131e-04
3.326700000000000000e+04 2.127999999999999955e-04
3.327900000000000000e+04 2.063000000000000001e-04
3.329100000000000000e+04 2.016999999999999967e-04
3.330300000000000000e+04 1.959999999999999937e-04
3.331500000000000000e+04 1.900000000000000105e-04
3.332700000000000000e+04 1.853000000000000046e-04
3.333900000000000000e+04 1.793999999999999968e-04
3.335100000000000000e+04 1.745000000000000132e-04
3.336300000000000000e+04 1.700000000000000122e-04
3.337500000000000000e+04 1.657999999999999914e-04
3.338700000000000000e+04 1.621000000000000099e-04
3.339900000000000000e+04 1.573000000000000017e-04
3.341100000000000000e+04 1.539000000000000003e-04
3.342300000000000000e+04 1.512999999999999914e-04
3.343500000000000000e+04 1.486000000000000070e-04
3.344700000000000000e+04 1.473000000000000025e-04
3.345900000000000000e+04 1.454000000000000106e-04
3.347100000000000000e+04 1.434999999999999915e-04
3.348300000000000000e+04 1.423999999999999919e-04
3.349500000000000000e+04 1.414999999999999971e-04
3.350700000000000000e+04 1.409000000000000096e-04
3.351900000000000000e+04 1.379999999999999933e-04
3.353100000000000000e+04 1.346999999999999944e-04
3.354300000000000000e+04 1.330000000000000073e-04
3.355500000000000000e+04 1.305000000000000008e-04
3.356700000000000000e+04 1.279999999999999942e-04
3.357900000000000000e+04 1.258999999999999974e-04
3.359100000000000000e+04 1.233999999999999908e-04
3.360300000000000000e+04 1.213999999999999964e-04
3.361500000000000000e+04 1.195000000000000044e-04
3.362700000000000000e+04 1.186999999999999985e-04
3.363900000000000000e+04 1.179000000000000062e-04
3.365100000000000000e+04 1.167000000000000041e-04
3.366300000000000000e+04 1.156999999999999934e-04
3.367500000000000000e+04 1.143000000000000000e-04
3.368700000000000000e+04 1.128000000000000042e-04
3.369900000000000000e+04 1.123000000000000056e-04
3.371100000000000000e+04 1.121000000000000008e-04
3.372300000000000000e+04 1.122000000000000032e-04
3.373500000000000000e+04 1.112999999999999949e-04
3.374700000000000000e+04 1.099000000000000015e-04
3.375900000000000000e+04 1.095000000000000053e-04
3.377100000000000000e+04 1.091999999999999980e-04
3.378300000000000000e+04 1.090999999999999956e-04
3.379500000000000000e+04 1.101000000000000063e-04
3.380700000000000000e+04 1.099000000000000015e-04
3.381900000000000000e+04 1.090000000000000067e-04
3.383100000000000000e+04 1.091999999999999980e-04
3.384300000000000000e+04 1.104000000000000001e-04
3.385500000000000000e+04 1.117000000000000046e-04
3.386700000000000000e+04 1.117000000000000046e-04
3.387900000000000000e+04 1.113999999999999973e-04
3.389100000000000000e+04 1.106000000000000049e-04
3.390300000000000000e+04 1.100000000000000039e-04
3.391500000000000000e+04 1.101999999999999952e-04
3.392700000000000000e+04 1.110000000000000011e-04
3.393900000000000000e+04 1.107999999999999963e-04
3.395100000000000000e+04 1.101000000000000063e-04
3.396300000000000000e+04 1.095999999999999942e-04
3.397500000000000000e+04 1.084000000000000057e-04
3.398700000000000000e+04 1.063999999999999977e-04
3.399900000000000000e+04 1.055000000000000030e-04
3.401100000000000000e+04 1.058999999999999991e-04
3.402300000000000000e+04 1.055000000000000030e-04
3.403500000000000000e+04 1.056000000000000054e-04
3.404700000000000000e+04 1.066000000000000026e-04
3.405900000000000000e+04 1.084999999999999946e-04
3.407100000000000000e+04 1.106000000000000049e-04
3.408300000000000000e+04 1.135999999999999966e-04
3.409500000000000000e+04 1.166000000000000017e-04
3.410700000000000000e+04 1.179000000000000062e-04
3.411900000000000000e+04 1.188000000000000010e-04
3.413100000000000000e+04 1.195000000000000044e-04
3.414300000000000000e+04 1.189000000000000034e-04
3.415500000000000000e+04 1.188000000000000010e-04
3.416700000000000000e+04 1.206000000000000041e-04
3.417900000000000000e+04 1.219999999999999974e-04
3.419200000000000000e+04 1.232000000000000131e-04
3.420400000000000000e+04 1.250000000000000026e-04
3.421600000000000000e+04 1.268999999999999946e-04
3.422800000000000000e+04 1.306000000000000032e-04
3.424000000000000000e+04 1.354000000000000114e-04
3.425200000000000000e+04 1.400999999999999902e-04
3.426400000000000000e+04 1.429000000000000040e-04
3.427600000000000000e+04 1.445999999999999911e-04
3.428800000000000000e+04 1.466999999999999880e-04
3.430000000000000000e+04 1.484000000000000022e-04
3.431200000000000000e+04 1.503999999999999966e-04
3.432400000000000000e+04 1.522000000000000132e-04
3.433600000000000000e+04 1.523999999999999910e-04
3.434800000000000000e+04 1.528000000000000007e-04
3.436000000000000000e+04 1.545999999999999903e-04
3.437200000000000000e+04 1.560999999999999996e-04
3.438400000000000000e+04 1.579999999999999916e-04
3.439600000000000000e+04 1.603999999999999957e-04
3.440800000000000000e+04 1.617000000000000002e-04
3.442000000000000000e+04 1.641000000000000043e-04
3.443200000000000000e+04 1.669999999999999935e-04
3.444400000000000000e+04 1.691999999999999928e-04
3.445600000000000000e+04 1.710000000000000094e-04
3.446800000000000000e+04 1.720000000000000066e-04
3.448000000000000000e+04 1.740000000000000010e-04
3.449200000000000000e+04 1.762000000000000003e-04
3.450400000000000000e+04 1.768999999999999902e-04
3.451600000000000000e+04 1.774000000000000023e-04
3.452800000000000000e+04 1.767999999999999878e-04
3.454000000000000000e+04 1.766000000000000100e-04
3.455200000000000000e+04 1.792999999999999943e-04
3.456400000000000000e+04 1.810000000000000085e-04
3.457600000000000000e+04 1.812999999999999887e-04
3.458800000000000000e+04 1.829000000000000005e-04
3.460000000000000000e+04 1.840000000000000001e-04
3.461200000000000000e+04 1.853000000000000046e-04
3.462400000000000000e+04 1.880999999999999914e-04
3.463600000000000000e+04 1.888000000000000084e-04
3.464800000000000000e+04 1.888000000000000084e-04
3.466000000000000000e+04 1.893999999999999959e-04
3.467200000000000000e+04 1.890000000000000133e-04
3.468400000000000000e+04 1.888000000000000084e-04
3.469600000000000000e+04 1.881999999999999938e-04
3.470800000000000000e+04 1.863000000000000018e-04
3.472000000000000000e+04 1.845999999999999876e-04
3.473200000000000000e+04 1.823000000000000130e-04
3.474400000000000000e+04 1.797000000000000040e-04
3.475600000000000000e+04 1.771999999999999975e-04
3.476800000000000000e+04 1.742000000000000059e-04
3.478000000000000000e+04 1.727999999999999990e-04
3.479200000000000000e+04 1.720000000000000066e-04
3.480400000000000000e+04 1.700999999999999875e-04
3.481600000000000000e+04 1.700999999999999875e-04
3.482800000000000000e+04 1.699000000000000098e-04
3.484000000000000000e+04 1.689000000000000126e-04
3.485200000000000000e+04 1.700000000000000122e-04
3.486400000000000000e+04 1.703999999999999948e-04
3.487600000000000000e+04 1.700999999999999875e-04
3.488800000000000000e+04 1.707000000000000021e-04
3.490000000000000000e+04 1.689000000000000126e-04
3.491200000000000000e+04 1.667999999999999886e-04
3.492400000000000000e+04 1.664000000000000060e-04
3.493600000000000000e+04 1.644000000000000116e-04
3.494800000000000000e+04 1.633000000000000120e-04
3.496000000000000000e+04 1.629000000000000023e-04
3.497200000000000000e+04 1.598000000000000082e-04
3.498400000000000000e+04 1.579999999999999916e-04
3.499600000000000000e+04 1.579999999999999916e-04
3.500800000000000000e+04 1.564000000000000069e-04
3.502000000000000000e+04 1.566000000000000118e-04
3.503200000000000000e+04 1.566000000000000118e-04
3.504400000000000000e+04 1.542000000000000076e-04
3.505600000000000000e+04 1.532000000000000104e-04
3.506800000000000000e+04 1.515999999999999986e-04
3.508000000000000000e+04 1.490999999999999921e-04
3.509200000000000000e+04 1.497000000000000067e-04
3.510400000000000000e+04 1.498000000000000091e-04
3.511600000000000000e+04 1.482999999999999997e-04
3.512800000000000000e+04 1.477000000000000123e-04
3.514000000000000000e+04 1.457999999999999932e-04
3.515200000000000000e+04 1.442000000000000085e-04
3.516400000000000000e+04 1.442000000000000085e-04
3.517600000000000000e+04 1.421000000000000117e-04
3.518800000000000000e+04 1.392999999999999978e-04
3.520000000000000000e+04 1.367999999999999913e-04
3.521200000000000000e+04 1.330000000000000073e-04
3.522400000000000000e+04 1.311999999999999907e-04
3.523600000000000000e+04 1.305000000000000008e-04
3.524800000000000000e+04 1.280999999999999966e-04
3.526000000000000000e+04 1.270999999999999994e-04
3.527200000000000000e+04 1.264000000000000095e-04
3.528400000000000000e+04 1.244999999999999904e-04
3.529600000000000000e+04 1.243999999999999880e-04
3.530800000000000000e+04 1.241000000000000078e-04
3.532000000000000000e+04 1.225999999999999985e-04
3.533200000000000000e+04 1.231000000000000106e-04
3.534400000000000000e+04 1.232000000000000131e-04
3.535600000000000000e+04 1.225999999999999985e-04
3.536800000000000000e+04 1.233999999999999908e-04
3.538000000000000000e+04 1.229000000000000058e-04
3.539200000000000000e+04 1.218000000000000061e-04
3.540400000000000000e+04 1.224999999999999960e-04
3.541600000000000000e+04 1.218000000000000061e-04
3.542800000000000000e+04 1.207000000000000065e-04
3.544100000000000000e+04 1.207000000000000065e-04
3.545300000000000000e+04 1.190000000000000058e-04
3.546500000000000000e+04 1.184999999999999937e-04
3.547700000000000000e+04 1.197999999999999982e-04
3.548900000000000000e+04 1.190999999999999947e-04
3.550100000000000000e+04 1.200000000000000030e-04
3.551300000000000000e+04 1.222999999999999912e-04
3.552500000000000000e+04 1.221000000000000134e-04
3.553700000000000000e+04 1.228000000000000033e-04
3.554900000000000000e+04 1.239000000000000030e-04
3.556100000000000000e+04 1.228000000000000033e-04
3.557300000000000000e+04 1.235999999999999957e-04
3.558500000000000000e+04 1.244999999999999904e-04
3.559700000000000000e+04 1.225999999999999985e-04
3.560900000000000000e+04 1.222999999999999912e-04
3.562100000000000000e+04 1.218999999999999950e-04
3.563300000000000000e+04 1.201999999999999943e-04
3.564500000000000000e+04 1.206000000000000041e-04
3.565700000000000000e+04 1.195000000000000044e-04
3.566900000000000000e+04 1.167000000000000041e-04
3.568100000000000000e+04 1.168999999999999955e-04
3.569300000000000000e+04 1.168000000000000066e-04
3.570500000000000000e+04 1.145999999999999938e-04
3.571700000000000000e+04 1.144000000000000024e-04
3.572900000000000000e+04 1.129999999999999955e-04
3.574100000000000000e+04 1.112000000000000060e-04
3.575300000000000000e+04 1.125999999999999994e-04
3.576500000000000000e+04 1.128000000000000042e-04
3.577700000000000000e+04 1.113999999999999973e-04
3.578900000000000000e+04 1.117999999999999935e-04
3.580100000000000000e+04 1.108999999999999987e-04
3.581300000000000000e+04 1.101999999999999952e-04
3.582500000000000000e+04 1.117999999999999935e-04
3.583700000000000000e+04 1.114999999999999997e-04
3.584900000000000000e+04 1.100000000000000039e-04
3.586100000000000000e+04 1.102999999999999977e-04
3.587300000000000000e+04 1.094000000000000029e-04
3.588500000000000000e+04 1.078000000000000047e-04
3.589700000000000000e+04 1.074999999999999974e-04
3.590900000000000000e+04 1.054000000000000005e-04
3.592100000000000000e+04 1.032000000000000013e-04
3.593300000000000000e+04 1.035999999999999974e-04
3.594500000000000000e+04 1.023999999999999954e-04
3.595700000000000000e+04 1.001999999999999961e-04
3.596900000000000000e+04 9.958000000000000543e-05
3.598100000000000000e+04 9.721999999999999414e-05
3.599300000000000000e+04 9.540000000000000140e-05
3.600500000000000000e+04 9.600999999999999725e-05
3.601700000000000000e+04 9.393000000000000362e-05
3.602900000000000000e+04 9.121000000000000255e-05
3.604100000000000000e+04 9.090000000000000044e-05
3.605300000000000000e+04 8.951999999999999671e-05
3.606500000000000000e+04 8.859999999999999874e-05
3.607700000000000000e+04 9.048999999999999589e-05
3.608900000000000000e+04 9.060000000000000670e-05
3.610100000000000000e+04 9.027000000000000139e-05
3.611300000000000000e+04 9.268999999999999516e-05
3.612500000000000000e+04 9.344999999999999466e-05
3.613700000000000000e+04 9.396000000000000164e-05
3.614900000000000000e+04 9.684999999999999599e-05
3.616100000000000000e+04 9.752999999999999625e-05
3.617300000000000000e+04 9.713999999999999491e-05
3.618500000000000000e+04 9.911000000000000484e-05
3.619700000000000000e+04 9.961000000000000344e-05
3.620900000000000000e+04 9.953000000000000421e-05
3.622100000000000000e+04 1.021000000000000016e-04
3.623300000000000000e+04 1.032000000000000013e-04
3.624500000000000000e+04 1.035999999999999974e-04
3.625700000000000000e+04 1.067000000000000050e-04
3.626900000000000000e+04 1.082000000000000008e-04
3.628100000000000000e+04 1.084999999999999946e-04
3.629300000000000000e+04 1.105000000000000025e-04
3.630500000000000000e+04 1.112000000000000060e-04
3.631700000000000000e+04 1.104000000000000001e-04
3.632900000000000000e+04 1.117000000000000046e-04
3.634100000000000000e+04 1.121000000000000008e-04
3.635300000000000000e+04 1.105000000000000025e-04
3.636500000000000000e+04 1.117000000000000046e-04
3.637700000000000000e+04 1.128000000000000042e-04
3.638900000000000000e+04 1.127000000000000018e-04
3.640100000000000000e+04 1.156999999999999934e-04
3.641300000000000000e+04 1.183000000000000024e-04
3.642500000000000000e+04 1.188000000000000010e-04
3.643700000000000000e+04 1.217000000000000037e-04
3.644900000000000000e+04 1.240000000000000054e-04
3.646100000000000000e+04 1.236999999999999981e-04
3.647300000000000000e+04 1.251000000000000050e-04
3.648500000000000000e+04 1.259999999999999998e-04
3.649700000000000000e+04 1.250000000000000026e-04
3.650900000000000000e+04 1.256999999999999925e-04
3.652100000000000000e+04 1.273000000000000043e-04
3.653300000000000000e+04 1.265000000000000120e-04
3.654500000000000000e+04 1.269999999999999970e-04
3.655700000000000000e+04 1.292999999999999987e-04
3.656900000000000000e+04 1.292999999999999987e-04
3.658100000000000000e+04 1.303999999999999983e-04
3.659300000000000000e+04 1.322999999999999903e-04
3.660500000000000000e+04 1.309000000000000105e-04
3.661700000000000000e+04 1.300999999999999910e-04
3.662900000000000000e+04 1.312999999999999931e-04
3.664100000000000000e+04 1.302999999999999959e-04
3.665300000000000000e+04 1.299999999999999886e-04
3.666500000000000000e+04 1.311999999999999907e-04
3.667700000000000000e+04 1.310000000000000129e-04
3.669000000000000000e+04 1.309000000000000105e-04
3.670200000000000000e+04 1.330000000000000073e-04
3.671400000000000000e+04 1.332999999999999875e-04
3.672600000000000000e+04 1.321999999999999879e-04
3.673800000000000000e+04 1.335999999999999948e-04
3.675000000000000000e+04 1.332000000000000122e-04
3.676200000000000000e+04 1.310000000000000129e-04
3.677400000000000000e+04 1.317000000000000028e-04
3.678600000000000000e+04 1.311999999999999907e-04
3.679800000000000000e+04 1.291999999999999963e-04
3.681000000000000000e+04 1.294000000000000011e-04
3.682200000000000000e+04 1.287999999999999865e-04
3.683400000000000000e+04 1.262000000000000047e-04
3.684600000000000000e+04 1.250000000000000026e-04
3.685800000000000000e+04 1.247999999999999977e-04
3.687000000000000000e+04 1.221000000000000134e-04
3.688200000000000000e+04 1.207000000000000065e-04
3.689400000000000000e+04 1.207999999999999954e-04
3.690600000000000000e+04 1.179999999999999951e-04
3.691800000000000000e+04 1.164999999999999993e-04
3.693000000000000000e+04 1.168000000000000066e-04
3.694200000000000000e+04 1.149000000000000010e-04
3.695400000000000000e+04 1.136999999999999990e-04
3.696600000000000000e+04 1.140000000000000063e-04
3.697800000000000000e+04 1.123000000000000056e-04
3.699000000000000000e+04 1.100000000000000039e-04
3.700200000000000000e+04 1.105000000000000025e-04
3.701400000000000000e+04 1.101999999999999952e-04
3.702600000000000000e+04 1.078999999999999935e-04
3.703800000000000000e+04 1.079999999999999960e-04
3.705000000000000000e+04 1.062000000000000064e-04
3.706200000000000000e+04 1.022000000000000041e-04
3.707400000000000000e+04 1.011999999999999933e-04
3.708600000000000000e+04 9.993000000000000038e-05
3.709800000000000000e+04 9.639000000000000378e-05
3.711000000000000000e+04 9.365999999999999434e-05
3.712200000000000000e+04 9.225000000000000615e-05
3.713400000000000000e+04 8.909000000000000252e-05
3.714600000000000000e+04 8.703999999999999335e-05
3.715800000000000000e+04 8.791000000000000366e-05
3.717000000000000000e+04 8.555000000000000592e-05
3.718200000000000000e+04 8.309000000000000576e-05
3.719400000000000000e+04 8.309000000000000576e-05
3.720600000000000000e+04 8.126000000000000464e-05
3.721800000000000000e+04 7.886000000000000052e-05
3.723000000000000000e+04 7.815999999999999706e-05
3.724200000000000000e+04 7.676999999999999851e-05
3.725400000000000000e+04 7.330000000000000632e-05
3.726600000000000000e+04 7.223999999999999953e-05
3.727800000000000000e+04 7.216000000000000029e-05
3.729000000000000000e+04 6.906000000000000626e-05
3.730200000000000000e+04 6.893000000000000581e-05
3.731400000000000000e+04 7.017000000000000071e-05
3.732600000000000000e+04 6.925999999999999756e-05
3.733800000000000000e+04 6.875000000000000414e-05
3.735000000000000000e+04 6.894999999999999545e-05
3.736200000000000000e+04 6.716999999999999555e-05
3.737400000000000000e+04 6.435000000000000561e-05
3.738600000000000000e+04 6.503000000000000588e-05
3.739800000000000000e+04 6.404999999999999832e-05
3.741000000000000000e+04 6.140999999999999649e-05
3.742200000000000000e+04 6.198999999999999433e-05
3.743400000000000000e+04 6.190999999999999509e-05
3.744600000000000000e+04 6.018000000000000318e-05
3.745800000000000000e+04 5.955999999999999896e-05
3.747000000000000000e+04 6.001000000000000312e-05
3.748200000000000000e+04 5.768999999999999823e-05
3.749400000000000000e+04 5.483999999999999671e-05
3.750600000000000000e+04 5.373999999999999708e-05
3.751800000000000000e+04 5.026000000000000329e-05
3.753000000000000000e+04 4.868000000000000148e-05
3.754200000000000000e+04 5.017000000000000246e-05
3.755400000000000000e+04 5.081999999999999793e-05
3.756600000000000000e+04 5.033000000000000093e-05
3.757800000000000000e+04 5.152000000000000140e-05
3.759000000000000000e+04 5.348999999999999778e-05
3.760200000000000000e+04 5.283000000000000071e-05
3.761400000000000000e+04 5.424999999999999728e-05
3.762600000000000000e+04 5.534000000000000209e-05
3.763800000000000000e+04 5.343000000000000174e-05
3.765000000000000000e+04 5.259999999999999783e-05
3.766200000000000000e+04 5.360000000000000181e-05
3.767400000000000000e+04 5.398000000000000156e-05
3.768600000000000000e+04 5.344000000000000334e-05
3.769800000000000000e+04 5.514999999999999883e-05
3.771000000000000000e+04 5.479000000000000227e-05
3.772200000000000000e+04 5.301000000000000238e-05
3.773400000000000000e+04 5.421999999999999926e-05
3.774600000000000000e+04 5.514999999999999883e-05
3.775800000000000000e+04 5.382000000000000309e-05
3.777000000000000000e+04 5.230999999999999891e-05
3.778200000000000000e+04 5.238000000000000333e-05
3.779400000000000000e+04 5.067000000000000106e-05
3.780600000000000000e+04 4.987000000000000195e-05
3.781800000000000000e+04 5.144999999999999698e-05
3.783000000000000000e+04 5.068999999999999748e-05
3.784200000000000000e+04 4.937000000000000335e-05
3.785400000000000000e+04 4.993999999999999958e-05
3.786600000000000000e+04 5.144999999999999698e-05
3.787800000000000000e+04 5.098999999999999800e-05
3.789000000000000000e+04 5.220000000000000166e-05
3.790200000000000000e+04 5.465000000000000023e-05
3.791400000000000000e+04 5.467999999999999825e-05
3.792700000000000000e+04 5.618000000000000082e-05
3.793900000000000000e+04 5.891999999999999831e-05
3.795100000000000000e+04 6.001000000000000312e-05
3.796300000000000000e+04 5.900999999999999914e-05
3.797500000000000000e+04 6.051000000000000172e-05
3.798700000000000000e+04 6.216000000000000117e-05
3.799900000000000000e+04 6.134000000000000563e-05
3.801100000000000000e+04 6.195999999999999631e-05
3.802300000000000000e+04 6.211999999999999477e-05
3.803500000000000000e+04 6.029000000000000044e-05
3.804700000000000000e+04 5.864000000000000099e-05
3.805900000000000000e+04 6.065999999999999859e-05
3.807100000000000000e+04 6.161999999999999617e-05
3.808300000000000000e+04 6.143999999999999451e-05
3.809500000000000000e+04 6.341000000000000445e-05
3.810700000000000000e+04 6.472000000000000376e-05
3.811900000000000000e+04 6.514000000000000313e-05
3.813100000000000000e+04 6.687999999999999663e-05
3.814300000000000000e+04 7.084000000000000615e-05
3.815500000000000000e+04 7.087000000000000417e-05
3.816700000000000000e+04 7.035999999999999720e-05
3.817900000000000000e+04 7.153999999999999606e-05
3.819100000000000000e+04 7.179999999999999696e-05
3.820300000000000000e+04 7.166999999999999651e-05
3.821500000000000000e+04 7.333999999999999916e-05
3.822700000000000000e+04 7.652000000000000598e-05
3.823900000000000000e+04 7.626000000000000508e-05
3.825100000000000000e+04 7.742999999999999557e-05
3.826300000000000000e+04 7.917000000000000263e-05
3.827500000000000000e+04 7.904999999999999701e-05
3.828700000000000000e+04 7.825999999999999949e-05
3.829900000000000000e+04 7.922999999999999867e-05
3.831100000000000000e+04 7.975000000000000047e-05
3.832300000000000000e+04 7.770999999999999967e-05
3.833500000000000000e+04 7.901999999999999899e-05
3.834700000000000000e+04 8.163000000000000280e-05
3.835900000000000000e+04 8.323999999999999585e-05
3.837100000000000000e+04 8.435999999999999868e-05
3.838300000000000000e+04 8.684000000000000204e-05
3.839500000000000000e+04 8.645999999999999552e-05
3.840700000000000000e+04 8.380999999999999887e-05
3.841900000000000000e+04 8.299999999999999815e-05
3.843100000000000000e+04 8.179999999999999609e-05
3.844300000000000000e+04 7.941999999999999516e-05
3.845500000000000000e+04 7.768999999999999647e-05
3.846700000000000000e+04 7.841999999999999795e-05
3.847900000000000000e+04 7.640000000000000035e-05
3.849100000000000000e+04 7.480000000000000212e-05
3.850300000000000000e+04 7.546999999999999401e-05
3.851500000000000000e+04 7.593999999999999459e-05
3.852700000000000000e+04 7.430000000000000352e-05
3.853900000000000000e+04 7.326999999999999475e-05
3.855100000000000000e+04 7.364000000000000645e-05
3.856300000000000000e+04 7.121999999999999913e-05
3.857500000000000000e+04 6.983000000000000058e-05
3.858700000000000000e+04 6.982000000000000576e-05
3.859900000000000000e+04 6.964999999999999891e-05
3.861100000000000000e+04 6.736000000000000559e-05
3.862300000000000000e+04 6.729999999999999600e-05
3.863500000000000000e+04 6.744000000000000483e-05
3.864700000000000000e+04 6.495000000000000664e-05
3.865900000000000000e+04 6.279999999999999504e-05
3.867100000000000000e+04 6.210999999999999995e-05
3.868300000000000000e+04 6.102000000000000192e-05
3.869500000000000000e+04 5.801000000000000194e-05
3.870700000000000000e+04 5.747999999999999854e-05
3.871900000000000000e+04 5.674000000000000224e-05
3.873100000000000000e+04 5.483999999999999671e-05
3.874300000000000000e+04 5.325000000000000008e-05
3.875500000000000000e+04 5.398000000000000156e-05
3.876700000000000000e+04 5.314000000000000283e-05
3.877900000000000000e+04 5.132999999999999813e-05
3.879100000000000000e+04 5.140000000000000254e-05
3.880300000000000000e+04 5.132999999999999813e-05
3.881500000000000000e+04 4.918000000000000008e-05
3.882700000000000000e+04 4.708000000000000325e-05
3.883900000000000000e+04 4.755999999999999865e-05
3.885100000000000000e+04 4.674999999999999794e-05
3.886300000000000000e+04 4.627000000000000253e-05
3.887500000000000000e+04 4.703999999999999685e-05
3.888700000000000000e+04 4.865999999999999829e-05
3.889900000000000000e+04 4.802999999999999923e-05
3.891100000000000000e+04 4.866999999999999988e-05
3.892300000000000000e+04 5.051000000000000260e-05
3.893500000000000000e+04 5.063000000000000145e-05
3.894700000000000000e+04 4.966000000000000226e-05
3.895900000000000000e+04 5.069999999999999908e-05
3.897100000000000000e+04 5.254999999999999662e-05
3.898300000000000000e+04 5.205999999999999961e-05
3.899500000000000000e+04 5.287000000000000033e-05
3.900700000000000000e+04 5.489999999999999953e-05
3.901900000000000000e+04 5.705999999999999918e-05
3.903100000000000000e+04 5.777999999999999906e-05
3.904300000000000000e+04 6.014999999999999839e-05
3.905500000000000000e+04 6.124000000000000320e-05
3.906700000000000000e+04 6.039999999999999769e-05
3.907900000000000000e+04 5.963000000000000337e-05
3.909100000000000000e+04 6.065999999999999859e-05
3.910300000000000000e+04 6.026999999999999724e-05
3.911500000000000000e+04 5.827000000000000284e-05
3.912700000000000000e+04 5.784999999999999669e-05
3.913900000000000000e+04 5.766000000000000021e-05
3.915100000000000000e+04 5.605000000000000038e-05
3.916300000000000000e+04 5.444000000000000054e-05
3.917600000000000000e+04 5.489999999999999953e-05
3.918800000000000000e+04 5.421999999999999926e-05
3.920000000000000000e+04 5.322999999999999688e-05
3.921200000000000000e+04 5.356000000000000219e-05
3.922400000000000000e+04 5.523999999999999966e-05
3.923600000000000000e+04 5.445999999999999696e-05
3.924800000000000000e+04 5.386999999999999753e-05
3.926000000000000000e+04 5.436000000000000131e-05
3.927200000000000000e+04 5.482000000000000029e-05
3.928400000000000000e+04 5.298999999999999918e-05
3.929600000000000000e+04 5.166999999999999827e-05
3.930800000000000000e+04 5.050000000000000100e-05
3.932000000000000000e+04 4.763000000000000306e-05
3.933200000000000000e+04 4.500999999999999766e-05
3.934400000000000000e+04 4.420999999999999854e-05
3.935600000000000000e+04 4.412999999999999931e-05
3.936800000000000000e+04 4.284999999999999801e-05
3.938000000000000000e+04 4.316000000000000012e-05
3.939200000000000000e+04 4.428000000000000295e-05
3.940400000000000000e+04 4.412999999999999931e-05
3.941600000000000000e+04 4.261000000000000031e-05
3.942800000000000000e+04 4.288999999999999763e-05
3.944000000000000000e+04 4.348999999999999866e-05
3.945200000000000000e+04 4.275000000000000235e-05
3.946400000000000000e+04 4.080000000000000239e-05
3.947600000000000000e+04 3.967999999999999956e-05
3.948800000000000000e+04 3.738999999999999946e-05
3.950000000000000000e+04 3.492999999999999930e-05
3.951200000000000000e+04 3.385999999999999768e-05
3.952400000000000000e+04 3.390999999999999890e-05
3.953600000000000000e+04 3.172000000000000123e-05
3.954800000000000000e+04 2.922999999999999966e-05
3.956000000000000000e+04 2.841999999999999895e-05
3.957200000000000000e+04 2.848999999999999997e-05
3.958400000000000000e+04 2.742999999999999996e-05
3.959600000000000000e+04 2.722999999999999848e-05
3.960800000000000000e+04 2.826999999999999869e-05
3.962000000000000000e+04 2.833000000000000150e-05
3.963200000000000000e+04 2.794999999999999836e-05
3.964400000000000000e+04 2.797000000000000156e-05
3.965600000000000000e+04 2.805999999999999901e-05
3.966800000000000000e+04 2.553999999999999942e-05
3.968000000000000000e+04 2.392999999999999958e-05
3.969200000000000000e+04 2.294999999999999880e-05
3.970400000000000000e+04 2.163999999999999949e-05
3.971600000000000000e+04 1.858000000000000168e-05
3.972800000000000000e+04 1.696000000000000025e-05
3.974000000000000000e+04 1.711999999999999872e-05
3.975200000000000000e+04 1.745999999999999885e-05
3.976400000000000000e+04 1.751000000000000007e-05
3.977600000000000000e+04 1.819000000000000033e-05
3.978800000000000000e+04 1.947999999999999984e-05
3.980000000000000000e+04 1.981999999999999997e-05
3.981200000000000000e+04 2.012000000000000049e-05
3.982400000000000000e+04 2.086000000000000018e-05
3.983600000000000000e+04 2.082000000000000056e-05
3.984800000000000000e+04 1.934000000000000118e-05
3.986000000000000000e+04 1.868999999999999893e-05
3.987200000000000000e+04 1.870000000000000053e-05
3.988400000000000000e+04 1.686999999999999942e-05
3.989600000000000000e+04 1.465000000000000034e-05
3.990800000000000000e+04 1.346999999999999978e-05
3.992000000000000000e+04 1.351999999999999930e-05
3.993200000000000000e+04 1.290000000000000016e-05
3.994400000000000000e+04 1.322000000000000048e-05
3.995600000000000000e+04 1.427000000000000059e-05
3.996800000000000000e+04 1.550000000000000068e-05
3.998000000000000000e+04 1.620000000000000075e-05
3.999200000000000000e+04 1.794999999999999924e-05
4.000400000000000000e+04 2.084000000000000037e-05
4.001600000000000000e+04 2.267000000000000148e-05
4.002800000000000000e+04 2.322000000000000130e-05
4.004000000000000000e+04 2.385000000000000035e-05
4.005200000000000000e+04 2.489000000000000056e-05
4.006400000000000000e+04 2.417000000000000067e-05
4.007600000000000000e+04 2.296000000000000040e-05
4.008800000000000000e+04 2.228000000000000014e-05
4.010000000000000000e+04 2.120999999999999852e-05
4.011200000000000000e+04 1.898000000000000124e-05
4.012400000000000000e+04 1.779999999999999898e-05
4.013600000000000000e+04 1.743000000000000083e-05
4.014800000000000000e+04 1.737999999999999962e-05
4.016000000000000000e+04 1.701999999999999967e-05
4.017200000000000000e+04 1.751000000000000007e-05
4.018400000000000000e+04 1.830000000000000097e-05
4.019600000000000000e+04 1.800000000000000046e-05
4.020800000000000000e+04 1.711999999999999872e-05
4.022000000000000000e+04 1.633999999999999941e-05
4.023200000000000000e+04 1.639999999999999883e-05
4.024400000000000000e+04 1.456999999999999941e-05
4.025600000000000000e+04 1.327000000000000000e-05
4.026800000000000000e+04 1.259999999999999964e-05
4.028000000000000000e+04 1.152999999999999972e-05
