3.301100000000000000e+04 1.006000000000000024e-05
3.302400000000000000e+04 1.078000000000000013e-05
3.303800000000000000e+04 1.057000000000000044e-05
3.305100000000000000e+04 1.076000000000000032e-05
3.306500000000000000e+04 1.115999999999999988e-05
3.307800000000000000e+04 1.201000000000000021e-05
3.309200000000000000e+04 1.274000000000000000e-05
3.310500000000000000e+04 1.278999999999999952e-05
3.311900000000000000e+04 1.262999999999999935e-05
3.313200000000000000e+04 1.231000000000000072e-05
3.314600000000000000e+04 1.283000000000000083e-05
3.315900000000000000e+04 1.280999999999999933e-05
3.317300000000000000e+04 1.299999999999999920e-05
3.318600000000000000e+04 1.298999999999999930e-05
3.320000000000000000e+04 1.306000000000000032e-05
3.321300000000000000e+04 1.293999999999999977e-05
3.322700000000000000e+04 1.253000000000000031e-05
3.324000000000000000e+04 1.204999999999999983e-05
3.325400000000000000e+04 1.139999999999999927e-05
3.326700000000000000e+04 1.082999999999999965e-05
3.328100000000000000e+04 9.436999999999999602e-06
3.329400000000000000e+04 8.369000000000000679e-06
3.330800000000000000e+04 8.222000000000000223e-06
3.332100000000000000e+04 8.970000000000000515e-06
3.333500000000000000e+04 9.935999999999999398e-06
3.334800000000000000e+04 1.095000000000000019e-05
3.336200000000000000e+04 1.290000000000000016e-05
3.337500000000000000e+04 1.384999999999999953e-05
3.338900000000000000e+04 1.488999999999999974e-05
3.340200000000000000e+04 1.529000000000000099e-05
3.341600000000000000e+04 1.481000000000000051e-05
3.342900000000000000e+04 1.395000000000000027e-05
3.344300000000000000e+04 1.287000000000000044e-05
3.345600000000000000e+04 1.186999999999999985e-05
3.347000000000000000e+04 1.026000000000000002e-05
3.348400000000000000e+04 1.092000000000000048e-05
3.349700000000000000e+04 1.181000000000000043e-05
3.351100000000000000e+04 1.288000000000000035e-05
3.352400000000000000e+04 1.367999999999999947e-05
3.353800000000000000e+04 1.420999999999999947e-05
3.355100000000000000e+04 1.531000000000000080e-05
3.356500000000000000e+04 1.639000000000000062e-05
3.357800000000000000e+04 1.792999999999999943e-05
3.359200000000000000e+04 1.813999999999999912e-05
3.360500000000000000e+04 1.800000000000000046e-05
3.361900000000000000e+04 1.713000000000000032e-05
3.363200000000000000e+04 1.612000000000000152e-05
3.364600000000000000e+04 1.559000000000000151e-05
3.365900000000000000e+04 1.518000000000000035e-05
3.367300000000000000e+04 1.505999999999999981e-05
3.368600000000000000e+04 1.430000000000000031e-05
3.370000000000000000e+04 1.383999999999999963e-05
3.371300000000000000e+04 1.291999999999999997e-05
3.372700000000000000e+04 1.242999999999999958e-05
3.374000000000000000e+04 1.320000000000000067e-05
3.375400000000000000e+04 1.418999999999999966e-05
3.376700000000000000e+04 1.516000000000000054e-05
3.378100000000000000e+04 1.499000000000000048e-05
3.379400000000000000e+04 1.478000000000000079e-05
3.380800000000000000e+04 1.492999999999999936e-05
3.382100000000000000e+04 1.574999999999999998e-05
3.383500000000000000e+04 1.679999999999999839e-05
3.384800000000000000e+04 1.660999999999999852e-05
3.386200000000000000e+04 1.557999999999999991e-05
3.387500000000000000e+04 1.344999999999999997e-05
3.388900000000000000e+04 1.220000000000000008e-05
3.390200000000000000e+04 1.099999999999999971e-05
3.391600000000000000e+04 9.239000000000000820e-06
3.392900000000000000e+04 8.944999999999999908e-06
3.394300000000000000e+04 9.527000000000000434e-06
3.395600000000000000e+04 1.023000000000000031e-05
3.397000000000000000e+04 1.008000000000000005e-05
3.398300000000000000e+04 1.032999999999999935e-05
3.399700000000000000e+04 1.118999999999999959e-05
3.401000000000000000e+04 1.302000000000000070e-05
3.402400000000000000e+04 1.539000000000000003e-05
3.403800000000000000e+04 1.620000000000000075e-05
3.405100000000000000e+04 1.643000000000000024e-05
3.406500000000000000e+04 1.620000000000000075e-05
3.407800000000000000e+04 1.633999999999999941e-05
3.409200000000000000e+04 1.730000000000000038e-05
3.410500000000000000e+04 1.787000000000000001e-05
3.411900000000000000e+04 1.792999999999999943e-05
3.413200000000000000e+04 1.754999999999999968e-05
3.414600000000000000e+04 1.690000000000000082e-05
3.415900000000000000e+04 1.537999999999999844e-05
3.417300000000000000e+04 1.427000000000000059e-05
3.418600000000000000e+04 1.423999999999999919e-05
3.420000000000000000e+04 1.321000000000000058e-05
3.421300000000000000e+04 1.172999999999999950e-05
3.422700000000000000e+04 1.077000000000000022e-05
3.424000000000000000e+04 1.033999999999999926e-05
3.425400000000000000e+04 9.669000000000000091e-06
3.426700000000000000e+04 9.857000000000000663e-06
3.428100000000000000e+04 1.076000000000000032e-05
3.429400000000000000e+04 1.130000000000000023e-05
3.430800000000000000e+04 1.260999999999999955e-05
3.432100000000000000e+04 1.386999999999999934e-05
3.433500000000000000e+04 1.393000000000000046e-05
3.434800000000000000e+04 1.401999999999999960e-05
3.436200000000000000e+04 1.482000000000000041e-05
3.437500000000000000e+04 1.548000000000000087e-05
3.438900000000000000e+04 1.590999999999999844e-05
3.440200000000000000e+04 1.656999999999999890e-05
3.441600000000000000e+04 1.730000000000000038e-05
3.442900000000000000e+04 1.768000000000000013e-05
3.444300000000000000e+04 1.847000000000000104e-05
3.445600000000000000e+04 1.900000000000000105e-05
3.447000000000000000e+04 1.927999999999999837e-05
3.448300000000000000e+04 1.966999999999999971e-05
3.449700000000000000e+04 2.025999999999999915e-05
3.451000000000000000e+04 2.108000000000000146e-05
3.452400000000000000e+04 2.046000000000000062e-05
3.453700000000000000e+04 1.934000000000000118e-05
3.455100000000000000e+04 1.777999999999999917e-05
3.456500000000000000e+04 1.637999999999999903e-05
3.457800000000000000e+04 1.559999999999999972e-05
3.459200000000000000e+04 1.467000000000000015e-05
3.460500000000000000e+04 1.393000000000000046e-05
3.461900000000000000e+04 1.301000000000000080e-05
3.463200000000000000e+04 1.268000000000000057e-05
3.464600000000000000e+04 1.331999999999999952e-05
3.465900000000000000e+04 1.508999999999999952e-05
3.467300000000000000e+04 1.754999999999999968e-05
3.468600000000000000e+04 1.881000000000000117e-05
3.470000000000000000e+04 1.904000000000000066e-05
3.471300000000000000e+04 1.936000000000000099e-05
3.472700000000000000e+04 2.002999999999999965e-05
3.474000000000000000e+04 2.095000000000000101e-05
3.475400000000000000e+04 2.158000000000000006e-05
3.476700000000000000e+04 2.120000000000000031e-05
3.478100000000000000e+04 1.985999999999999959e-05
3.479400000000000000e+04 1.898000000000000124e-05
3.480800000000000000e+04 1.881000000000000117e-05
3.482100000000000000e+04 1.845999999999999944e-05
3.483500000000000000e+04 1.792999999999999943e-05
3.484800000000000000e+04 1.728999999999999878e-05
3.486200000000000000e+04 1.673999999999999897e-05
3.487500000000000000e+04 1.622999999999999877e-05
3.488900000000000000e+04 1.610999999999999992e-05
3.490200000000000000e+04 1.641999999999999864e-05
3.491600000000000000e+04 1.705000000000000108e-05
3.492900000000000000e+04 1.679000000000000018e-05
3.494300000000000000e+04 1.609999999999999832e-05
3.495600000000000000e+04 1.601000000000000087e-05
3.497000000000000000e+04 1.650000000000000127e-05
3.498300000000000000e+04 1.745999999999999885e-05
3.499700000000000000e+04 1.732000000000000019e-05
3.501000000000000000e+04 1.720000000000000134e-05
3.502400000000000000e+04 1.775999999999999937e-05
3.503700000000000000e+04 1.908000000000000028e-05
3.505100000000000000e+04 2.059999999999999928e-05
3.506400000000000000e+04 2.144000000000000140e-05
3.507800000000000000e+04 2.218000000000000109e-05
3.509100000000000000e+04 2.288000000000000117e-05
3.510500000000000000e+04 2.347999999999999881e-05
3.511900000000000000e+04 2.366000000000000048e-05
3.513200000000000000e+04 2.298000000000000021e-05
3.514600000000000000e+04 2.243999999999999860e-05
3.515900000000000000e+04 2.173000000000000032e-05
3.517300000000000000e+04 2.122999999999999833e-05
3.518600000000000000e+04 2.055000000000000145e-05
3.520000000000000000e+04 1.959999999999999869e-05
3.521300000000000000e+04 1.900000000000000105e-05
3.522700000000000000e+04 1.889999999999999862e-05
3.524000000000000000e+04 1.923000000000000054e-05
3.525400000000000000e+04 1.938999999999999901e-05
3.526700000000000000e+04 1.919000000000000092e-05
3.528100000000000000e+04 1.942999999999999862e-05
3.529400000000000000e+04 2.002000000000000144e-05
3.530800000000000000e+04 2.065000000000000049e-05
3.532100000000000000e+04 2.173000000000000032e-05
3.533500000000000000e+04 2.245000000000000020e-05
3.534800000000000000e+04 2.239999999999999899e-05
3.536200000000000000e+04 2.233000000000000135e-05
3.537500000000000000e+04 2.305000000000000123e-05
3.538900000000000000e+04 2.394999999999999939e-05
3.540200000000000000e+04 2.472000000000000049e-05
3.541600000000000000e+04 2.540000000000000076e-05
3.542900000000000000e+04 2.606999999999999942e-05
3.544300000000000000e+04 2.669000000000000026e-05
3.545600000000000000e+04 2.733000000000000091e-05
3.547000000000000000e+04 2.784000000000000111e-05
3.548300000000000000e+04 2.839999999999999914e-05
3.549700000000000000e+04 2.886999999999999972e-05
3.551000000000000000e+04 2.903999999999999979e-05
3.552400000000000000e+04 2.936999999999999832e-05
3.553700000000000000e+04 3.015000000000000102e-05
3.555100000000000000e+04 3.119999999999999944e-05
3.556400000000000000e+04 3.244000000000000112e-05
3.557800000000000000e+04 3.339999999999999870e-05
3.559100000000000000e+04 3.368000000000000280e-05
3.560500000000000000e+04 3.351000000000000273e-05
3.561800000000000000e+04 3.330000000000000305e-05
3.563200000000000000e+04 3.344999999999999992e-05
3.564500000000000000e+04 3.388000000000000088e-05
3.565900000000000000e+04 3.402999999999999775e-05
3.567300000000000000e+04 3.422000000000000101e-05
3.568600000000000000e+04 3.444999999999999712e-05
3.570000000000000000e+04 3.470999999999999802e-05
3.571300000000000000e+04 3.499000000000000211e-05
3.572700000000000000e+04 3.478999999999999725e-05
3.574000000000000000e+04 3.385999999999999768e-05
3.575400000000000000e+04 3.228000000000000265e-05
3.576700000000000000e+04 3.122999999999999745e-05
3.578100000000000000e+04 3.105000000000000257e-05
3.579400000000000000e+04 3.088999999999999732e-05
3.580800000000000000e+04 3.049000000000000115e-05
3.582100000000000000e+04 3.015000000000000102e-05
3.583500000000000000e+04 3.011999999999999961e-05
3.584800000000000000e+04 3.034999999999999910e-05
3.586200000000000000e+04 3.023000000000000025e-05
3.587500000000000000e+04 2.905000000000000139e-05
3.588900000000000000e+04 2.724000000000000008e-05
3.590200000000000000e+04 2.597999999999999859e-05
3.591600000000000000e+04 2.561000000000000044e-05
3.592900000000000000e+04 2.559000000000000063e-05
3.594300000000000000e+04 2.557999999999999903e-05
3.595600000000000000e+04 2.566999999999999987e-05
3.597000000000000000e+04 2.608000000000000102e-05
3.598300000000000000e+04 2.722000000000000027e-05
3.599700000000000000e+04 2.911999999999999902e-05
3.601000000000000000e+04 3.122000000000000263e-05
3.602400000000000000e+04 3.266999999999999722e-05
3.603700000000000000e+04 3.330999999999999787e-05
3.605100000000000000e+04 3.347000000000000311e-05
3.606400000000000000e+04 3.390999999999999890e-05
3.607800000000000000e+04 3.483999999999999847e-05
3.609100000000000000e+04 3.536000000000000026e-05
3.610500000000000000e+04 3.479999999999999885e-05
3.611800000000000000e+04 3.367000000000000120e-05
3.613200000000000000e+04 3.305999999999999857e-05
3.614500000000000000e+04 3.338000000000000228e-05
3.615900000000000000e+04 3.423999999999999743e-05
3.617200000000000000e+04 3.445999999999999872e-05
3.618600000000000000e+04 3.406000000000000255e-05
3.619900000000000000e+04 3.423000000000000261e-05
3.621300000000000000e+04 3.530999999999999905e-05
3.622700000000000000e+04 3.655000000000000073e-05
3.624000000000000000e+04 3.712999999999999856e-05
3.625400000000000000e+04 3.682999999999999805e-05
3.626700000000000000e+04 3.605999999999999695e-05
3.628100000000000000e+04 3.587000000000000046e-05
3.629400000000000000e+04 3.635000000000000264e-05
3.630800000000000000e+04 3.622000000000000219e-05
3.632100000000000000e+04 3.491000000000000288e-05
3.633500000000000000e+04 3.304999999999999697e-05
3.634800000000000000e+04 3.144999999999999874e-05
3.636200000000000000e+04 3.061000000000000000e-05
3.637500000000000000e+04 3.038000000000000051e-05
3.638900000000000000e+04 2.970999999999999845e-05
3.640200000000000000e+04 2.850999999999999978e-05
3.641600000000000000e+04 2.758999999999999842e-05
3.642900000000000000e+04 2.746000000000000136e-05
3.644300000000000000e+04 2.814000000000000163e-05
3.645600000000000000e+04 2.898000000000000036e-05
3.647000000000000000e+04 2.962000000000000101e-05
3.648300000000000000e+04 3.040999999999999853e-05
3.649700000000000000e+04 3.186000000000000328e-05
3.651000000000000000e+04 3.401000000000000133e-05
3.652400000000000000e+04 3.594999999999999970e-05
3.653700000000000000e+04 3.703000000000000291e-05
3.655100000000000000e+04 3.737999999999999786e-05
3.656400000000000000e+04 3.723000000000000099e-05
3.657800000000000000e+04 3.703999999999999773e-05
3.659100000000000000e+04 3.700999999999999971e-05
3.660500000000000000e+04 3.634000000000000104e-05
3.661800000000000000e+04 3.491999999999999770e-05
3.663200000000000000e+04 3.385000000000000286e-05
3.664500000000000000e+04 3.363000000000000158e-05
3.665900000000000000e+04 3.432999999999999827e-05
3.667200000000000000e+04 3.546999999999999752e-05
3.668600000000000000e+04 3.631000000000000303e-05
3.669900000000000000e+04 3.716000000000000336e-05
3.671300000000000000e+04 3.820000000000000018e-05
3.672600000000000000e+04 3.919000000000000256e-05
3.674000000000000000e+04 4.030999999999999861e-05
3.675300000000000000e+04 4.157999999999999831e-05
3.676700000000000000e+04 4.313000000000000210e-05
3.678100000000000000e+04 4.495000000000000162e-05
3.679400000000000000e+04 4.641999999999999940e-05
3.680800000000000000e+04 4.783000000000000115e-05
3.682100000000000000e+04 4.948000000000000060e-05
3.683500000000000000e+04 5.109000000000000043e-05
3.684800000000000000e+04 5.294999999999999956e-05
3.686200000000000000e+04 5.505000000000000317e-05
3.687500000000000000e+04 5.691000000000000231e-05
3.688900000000000000e+04 5.912999999999999799e-05
3.690200000000000000e+04 6.221999999999999721e-05
3.691600000000000000e+04 6.556999999999999732e-05
3.692900000000000000e+04 6.922999999999999955e-05
3.694300000000000000e+04 7.273999999999999813e-05
3.695600000000000000e+04 7.600999999999999901e-05
3.697000000000000000e+04 8.027999999999999709e-05
3.698300000000000000e+04 8.598000000000000011e-05
3.699700000000000000e+04 9.257000000000000308e-05
3.701000000000000000e+04 9.896000000000000120e-05
3.702400000000000000e+04 1.050000000000000044e-04
3.703700000000000000e+04 1.117999999999999935e-04
3.705100000000000000e+04 1.203999999999999992e-04
3.706400000000000000e+04 1.299000000000000133e-04
3.707800000000000000e+04 1.397000000000000075e-04
3.709100000000000000e+04 1.489999999999999897e-04
3.710500000000000000e+04 1.589999999999999888e-04
3.711800000000000000e+04 1.718000000000000018e-04
3.713200000000000000e+04 1.871999999999999966e-04
3.714500000000000000e+04 2.035000000000000133e-04
3.715900000000000000e+04 2.205999999999999953e-04
3.717200000000000000e+04 2.390000000000000089e-04
3.718600000000000000e+04 2.590000000000000071e-04
3.719900000000000000e+04 2.809999999999999998e-04
3.721300000000000000e+04 3.043000000000000240e-04
3.722600000000000000e+04 3.290999999999999763e-04
3.724000000000000000e+04 3.556000000000000241e-04
3.725300000000000000e+04 3.842000000000000146e-04
3.726700000000000000e+04 4.159000000000000262e-04
3.728000000000000000e+04 4.508000000000000071e-04
3.729400000000000000e+04 4.876999999999999825e-04
3.730800000000000000e+04 5.270999999999999644e-04
3.732100000000000000e+04 5.689000000000000046e-04
3.733500000000000000e+04 6.130999999999999948e-04
3.734800000000000000e+04 6.604000000000000061e-04
3.736200000000000000e+04 7.112000000000000483e-04
3.737500000000000000e+04 7.653000000000000080e-04
3.738900000000000000e+04 8.226999999999999938e-04
3.740200000000000000e+04 8.836000000000000104e-04
3.741600000000000000e+04 9.487999999999999689e-04
3.742900000000000000e+04 1.018999999999999941e-03
3.744300000000000000e+04 1.093000000000000005e-03
3.745600000000000000e+04 1.170999999999999949e-03
3.747000000000000000e+04 1.253999999999999906e-03
3.748300000000000000e+04 1.340999999999999961e-03
3.749700000000000000e+04 1.430999999999999980e-03
3.751000000000000000e+04 1.526000000000000013e-03
3.752400000000000000e+04 1.624000000000000010e-03
3.753700000000000000e+04 1.726000000000000104e-03
3.755100000000000000e+04 1.832999999999999994e-03
3.756400000000000000e+04 1.941999999999999933e-03
3.757800000000000000e+04 2.056999999999999801e-03
3.759100000000000000e+04 2.177000000000000116e-03
3.760500000000000000e+04 2.301000000000000094e-03
3.761800000000000000e+04 2.431000000000000001e-03
3.763200000000000000e+04 2.566000000000000138e-03
3.764500000000000000e+04 2.703999999999999806e-03
3.765900000000000000e+04 2.847000000000000138e-03
3.767200000000000000e+04 2.994999999999999832e-03
3.768600000000000000e+04 3.147000000000000058e-03
3.769900000000000000e+04 3.302999999999999946e-03
3.771300000000000000e+04 3.464000000000000065e-03
3.772600000000000000e+04 3.628999999999999847e-03
3.774000000000000000e+04 3.801000000000000125e-03
3.775300000000000000e+04 3.978999999999999898e-03
3.776700000000000000e+04 4.163000000000000034e-03
3.778000000000000000e+04 4.354000000000000231e-03
3.779400000000000000e+04 4.553999999999999888e-03
3.780700000000000000e+04 4.760999999999999607e-03
3.782100000000000000e+04 4.976000000000000388e-03
3.783400000000000000e+04 5.198000000000000363e-03
3.784800000000000000e+04 5.429999999999999931e-03
3.786200000000000000e+04 5.673000000000000091e-03
3.787500000000000000e+04 5.928000000000000110e-03
3.788900000000000000e+04 6.194999999999999986e-03
3.790200000000000000e+04 6.477000000000000118e-03
3.791600000000000000e+04 6.773999999999999640e-03
3.792900000000000000e+04 7.087000000000000417e-03
3.794300000000000000e+04 7.420999999999999645e-03
3.795600000000000000e+04 7.774999999999999793e-03
3.797000000000000000e+04 8.153000000000000524e-03
3.798300000000000000e+04 8.555000000000000104e-03
3.799700000000000000e+04 8.984000000000000666e-03
3.801000000000000000e+04 9.440000000000000474e-03
3.802400000000000000e+04 9.927000000000000060e-03
3.803700000000000000e+04 1.044999999999999922e-02
3.805100000000000000e+04 1.101000000000000069e-02
3.806400000000000000e+04 1.161000000000000053e-02
3.807800000000000000e+04 1.226000000000000006e-02
3.809100000000000000e+04 1.294999999999999971e-02
3.810500000000000000e+04 1.370000000000000037e-02
3.811800000000000000e+04 1.450000000000000074e-02
3.813200000000000000e+04 1.536999999999999998e-02
3.814500000000000000e+04 1.631000000000000158e-02
3.815900000000000000e+04 1.731999999999999859e-02
3.817200000000000000e+04 1.840999999999999928e-02
3.818600000000000000e+04 1.959999999999999937e-02
3.819900000000000000e+04 2.088999999999999885e-02
3.821300000000000000e+04 2.229000000000000078e-02
3.822600000000000000e+04 2.381000000000000130e-02
3.824000000000000000e+04 2.545999999999999999e-02
3.825300000000000000e+04 2.725999999999999951e-02
3.826700000000000000e+04 2.921999999999999945e-02
3.828000000000000000e+04 3.135000000000000286e-02
3.829400000000000000e+04 3.368999999999999773e-02
3.830700000000000000e+04 3.622999999999999832e-02
3.832100000000000000e+04 3.901000000000000301e-02
3.833400000000000000e+04 4.206000000000000016e-02
3.834800000000000000e+04 4.537999999999999673e-02
3.836100000000000000e+04 4.902000000000000107e-02
3.837500000000000000e+04 5.301000000000000156e-02
3.838800000000000000e+04 5.738000000000000045e-02
3.840200000000000000e+04 6.214999999999999691e-02
3.841600000000000000e+04 6.740000000000000158e-02
3.842900000000000000e+04 7.313999999999999668e-02
3.844300000000000000e+04 7.940999999999999448e-02
3.845600000000000000e+04 8.629000000000000559e-02
3.847000000000000000e+04 9.382000000000000062e-02
3.848300000000000000e+04 1.019999999999999934e-01
3.849700000000000000e+04 1.110000000000000014e-01
3.851000000000000000e+04 1.208000000000000046e-01
3.852400000000000000e+04 1.313999999999999890e-01
3.853700000000000000e+04 1.429999999999999882e-01
3.855100000000000000e+04 1.554999999999999993e-01
3.856400000000000000e+04 1.691000000000000003e-01
3.857800000000000000e+04 1.837000000000000022e-01
3.859100000000000000e+04 1.993999999999999939e-01
3.860500000000000000e+04 2.160999999999999865e-01
3.861800000000000000e+04 2.340000000000000135e-01
3.863200000000000000e+04 2.529000000000000137e-01
3.864500000000000000e+04 2.727999999999999869e-01
3.865900000000000000e+04 2.936000000000000276e-01
3.867200000000000000e+04 3.153000000000000247e-01
3.868600000000000000e+04 3.377999999999999892e-01
3.869900000000000000e+04 3.609999999999999876e-01
3.871300000000000000e+04 3.845000000000000084e-01
3.872600000000000000e+04 4.083999999999999853e-01
3.874000000000000000e+04 4.324999999999999956e-01
3.875300000000000000e+04 4.563999999999999724e-01
3.876700000000000000e+04 4.801000000000000267e-01
3.878000000000000000e+04 5.032999999999999696e-01
3.879400000000000000e+04 5.260000000000000231e-01
3.880700000000000000e+04 5.479000000000000536e-01
3.882100000000000000e+04 5.687999999999999723e-01
3.883400000000000000e+04 5.887999999999999901e-01
3.884800000000000000e+04 6.076000000000000290e-01
3.886100000000000000e+04 6.253999999999999559e-01
3.887500000000000000e+04 6.420000000000000151e-01
3.888800000000000000e+04 6.573999999999999844e-01
3.890200000000000000e+04 6.716999999999999638e-01
3.891500000000000000e+04 6.850000000000000533e-01
3.892900000000000000e+04 6.972000000000000419e-01
3.894200000000000000e+04 7.084000000000000297e-01
3.895600000000000000e+04 7.187000000000000055e-01
3.897000000000000000e+04 7.281999999999999584e-01
3.898300000000000000e+04 7.368999999999999995e-01
3.899700000000000000e+04 7.449999999999999956e-01
3.901000000000000000e+04 7.523999999999999577e-01
3.902400000000000000e+04 7.591999999999999860e-01
3.903700000000000000e+04 7.655999999999999472e-01
3.905100000000000000e+04 7.714999999999999636e-01
3.906400000000000000e+04 7.770000000000000240e-01
3.907800000000000000e+04 7.821000000000000174e-01
3.909100000000000000e+04 7.869000000000000439e-01
3.910500000000000000e+04 7.914999999999999813e-01
3.911800000000000000e+04 7.957999999999999519e-01
3.913200000000000000e+04 7.997999999999999554e-01
3.914500000000000000e+04 8.035999999999999810e-01
3.915900000000000000e+04 8.072000000000000286e-01
3.917200000000000000e+04 8.105999999999999872e-01
3.918600000000000000e+04 8.137999999999999678e-01
3.919900000000000000e+04 8.167999999999999705e-01
3.921300000000000000e+04 8.195999999999999952e-01
3.922600000000000000e+04 8.223000000000000309e-01
3.924000000000000000e+04 8.247999999999999776e-01
3.925300000000000000e+04 8.272000000000000464e-01
3.926700000000000000e+04 8.294000000000000261e-01
3.928000000000000000e+04 8.315000000000000169e-01
3.929400000000000000e+04 8.334000000000000297e-01
3.930700000000000000e+04 8.350999999999999535e-01
3.932100000000000000e+04 8.366999999999999993e-01
3.933400000000000000e+04 8.381999999999999451e-01
3.934800000000000000e+04 8.396000000000000130e-01
3.936100000000000000e+04 8.407999999999999918e-01
3.937500000000000000e+04 8.418999999999999817e-01
3.938800000000000000e+04 8.428999999999999826e-01
3.940200000000000000e+04 8.437999999999999945e-01
3.941500000000000000e+04 8.446000000000000174e-01
3.942900000000000000e+04 8.453000000000000513e-01
3.944200000000000000e+04 8.459999999999999742e-01
3.945600000000000000e+04 8.465000000000000302e-01
3.946900000000000000e+04 8.469999999999999751e-01
3.948300000000000000e+04 8.475000000000000311e-01
3.949600000000000000e+04 8.477999999999999980e-01
3.951000000000000000e+04 8.481999999999999540e-01
3.952400000000000000e+04 8.484000000000000430e-01
3.953700000000000000e+04 8.487000000000000099e-01
3.955100000000000000e+04 8.488999999999999879e-01
3.956400000000000000e+04 8.490999999999999659e-01
3.957800000000000000e+04 8.493000000000000549e-01
3.959100000000000000e+04 8.495000000000000329e-01
3.960500000000000000e+04 8.496000000000000218e-01
3.961800000000000000e+04 8.497999999999999998e-01
3.963200000000000000e+04 8.499999999999999778e-01
3.964500000000000000e+04 8.500999999999999668e-01
3.965900000000000000e+04 8.502999999999999448e-01
3.967200000000000000e+04 8.505000000000000338e-01
3.968600000000000000e+04 8.507000000000000117e-01
3.969900000000000000e+04 8.508000000000000007e-01
3.971300000000000000e+04 8.510999999999999677e-01
3.972600000000000000e+04 8.512999999999999456e-01
3.974000000000000000e+04 8.515000000000000346e-01
3.975300000000000000e+04 8.518000000000000016e-01
3.976700000000000000e+04 8.519999999999999796e-01
3.978000000000000000e+04 8.522999999999999465e-01
3.979400000000000000e+04 8.526000000000000245e-01
3.980700000000000000e+04 8.528999999999999915e-01
3.982100000000000000e+04 8.531999999999999584e-01
3.983400000000000000e+04 8.535000000000000364e-01
3.984800000000000000e+04 8.538000000000000034e-01
3.986100000000000000e+04 8.540999999999999703e-01
3.987500000000000000e+04 8.545000000000000373e-01
3.988800000000000000e+04 8.548000000000000043e-01
3.990200000000000000e+04 8.551999999999999602e-01
3.991500000000000000e+04 8.555000000000000382e-01
3.992900000000000000e+04 8.558000000000000052e-01
3.994200000000000000e+04 8.561999999999999611e-01
3.995600000000000000e+04 8.565000000000000391e-01
3.996900000000000000e+04 8.568000000000000060e-01
3.998300000000000000e+04 8.571999999999999620e-01
3.999600000000000000e+04 8.575000000000000400e-01
4.001000000000000000e+04 8.578000000000000069e-01
4.002300000000000000e+04 8.579999999999999849e-01
4.003700000000000000e+04 8.582999999999999519e-01
4.005000000000000000e+04 8.586000000000000298e-01
4.006400000000000000e+04 8.588000000000000078e-01
4.007800000000000000e+04 8.590999999999999748e-01
4.009100000000000000e+04 8.592999999999999527e-01
4.010500000000000000e+04 8.595000000000000417e-01
4.011800000000000000e+04 8.597000000000000197e-01
4.013200000000000000e+04 8.598999999999999977e-01
4.014500000000000000e+04 8.600999999999999757e-01
4.015900000000000000e+04 8.602999999999999536e-01
4.017200000000000000e+04 8.604000000000000536e-01
4.018600000000000000e+04 8.606000000000000316e-01
4.019900000000000000e+04 8.607000000000000206e-01
4.021300000000000000e+04 8.608000000000000096e-01
4.022600000000000000e+04 8.609999999999999876e-01
4.024000000000000000e+04 8.610999999999999766e-01
4.025300000000000000e+04 8.610999999999999766e-01
4.026700000000000000e+04 8.611999999999999655e-01
4.028000000000000000e+04 8.612999999999999545e-01
4.029400000000000000e+04 8.614000000000000545e-01
4.030700000000000000e+04 8.615000000000000435e-01
4.032100000000000000e+04 8.615000000000000435e-01
4.033400000000000000e+04 8.616000000000000325e-01
4.034800000000000000e+04 8.616000000000000325e-01
4.036100000000000000e+04 8.617000000000000215e-01
4.037500000000000000e+04 8.617000000000000215e-01
4.038800000000000000e+04 8.617000000000000215e-01
4.040200000000000000e+04 8.618000000000000105e-01
4.041500000000000000e+04 8.618000000000000105e-01
4.042900000000000000e+04 8.618000000000000105e-01
4.044200000000000000e+04 8.618999999999999995e-01
4.045600000000000000e+04 8.618999999999999995e-01
4.046900000000000000e+04 8.618999999999999995e-01
4.048300000000000000e+04 8.619999999999999885e-01
4.049600000000000000e+04 8.619999999999999885e-01
4.051000000000000000e+04 8.619999999999999885e-01
4.052300000000000000e+04 8.620999999999999774e-01
4.053700000000000000e+04 8.620999999999999774e-01
4.055000000000000000e+04 8.621999999999999664e-01
4.056400000000000000e+04 8.621999999999999664e-01
4.057700000000000000e+04 8.622999999999999554e-01
4.059100000000000000e+04 8.622999999999999554e-01
4.060500000000000000e+04 8.624000000000000554e-01
4.061800000000000000e+04 8.625000000000000444e-01
4.063200000000000000e+04 8.626000000000000334e-01
4.064500000000000000e+04 8.627000000000000224e-01
4.065900000000000000e+04 8.627000000000000224e-01
4.067200000000000000e+04 8.629000000000000004e-01
4.068600000000000000e+04 8.629999999999999893e-01
4.069900000000000000e+04 8.630999999999999783e-01
4.071300000000000000e+04 8.631999999999999673e-01
4.072600000000000000e+04 8.632999999999999563e-01
4.074000000000000000e+04 8.633999999999999453e-01
4.075300000000000000e+04 8.636000000000000343e-01
4.076700000000000000e+04 8.638000000000000123e-01
4.078000000000000000e+04 8.639999999999999902e-01
4.079400000000000000e+04 8.640999999999999792e-01
4.080700000000000000e+04 8.642999999999999572e-01
4.082100000000000000e+04 8.645000000000000462e-01
4.083400000000000000e+04 8.647000000000000242e-01
4.084800000000000000e+04 8.649000000000000021e-01
4.086100000000000000e+04 8.650999999999999801e-01
4.087500000000000000e+04 8.652999999999999581e-01
4.088800000000000000e+04 8.655000000000000471e-01
4.090200000000000000e+04 8.657000000000000250e-01
4.091500000000000000e+04 8.659000000000000030e-01
4.092900000000000000e+04 8.660999999999999810e-01
4.094200000000000000e+04 8.663999999999999480e-01
4.095600000000000000e+04 8.666000000000000369e-01
4.096900000000000000e+04 8.668000000000000149e-01
4.098300000000000000e+04 8.669999999999999929e-01
4.099600000000000000e+04 8.671999999999999709e-01
4.101000000000000000e+04 8.673999999999999488e-01
4.102300000000000000e+04 8.677000000000000268e-01
4.103700000000000000e+04 8.679000000000000048e-01
4.105000000000000000e+04 8.680999999999999828e-01
4.106400000000000000e+04 8.682999999999999607e-01
4.107700000000000000e+04 8.683999999999999497e-01
4.109100000000000000e+04 8.687000000000000277e-01
4.110400000000000000e+04 8.688000000000000167e-01
4.111800000000000000e+04 8.689999999999999947e-01
4.113100000000000000e+04 8.691999999999999726e-01
4.114500000000000000e+04 8.692999999999999616e-01
4.115900000000000000e+04 8.693999999999999506e-01
4.117200000000000000e+04 8.696000000000000396e-01
4.118600000000000000e+04 8.697000000000000286e-01
4.119900000000000000e+04 8.698000000000000176e-01
4.121300000000000000e+04 8.699000000000000066e-01
4.122600000000000000e+04 8.699999999999999956e-01
4.124000000000000000e+04 8.699999999999999956e-01
4.125300000000000000e+04 8.700999999999999845e-01
4.126700000000000000e+04 8.700999999999999845e-01
4.128000000000000000e+04 8.700999999999999845e-01
4.129400000000000000e+04 8.700999999999999845e-01
4.130700000000000000e+04 8.699999999999999956e-01
4.132100000000000000e+04 8.700999999999999845e-01
4.133400000000000000e+04 8.699999999999999956e-01
4.134800000000000000e+04 8.699000000000000066e-01
4.136100000000000000e+04 8.699000000000000066e-01
4.137500000000000000e+04 8.698000000000000176e-01
4.138800000000000000e+04 8.696000000000000396e-01
4.140200000000000000e+04 8.696000000000000396e-01
4.141500000000000000e+04 8.693999999999999506e-01
4.142900000000000000e+04 8.691999999999999726e-01
4.144200000000000000e+04 8.690999999999999837e-01
4.145600000000000000e+04 8.689000000000000057e-01
4.146900000000000000e+04 8.687000000000000277e-01
4.148300000000000000e+04 8.686000000000000387e-01
4.149600000000000000e+04 8.683999999999999497e-01
4.151000000000000000e+04 8.681999999999999718e-01
4.152300000000000000e+04 8.679999999999999938e-01
4.153700000000000000e+04 8.678000000000000158e-01
4.155000000000000000e+04 8.676000000000000378e-01
4.156400000000000000e+04 8.673999999999999488e-01
4.157700000000000000e+04 8.671999999999999709e-01
4.159100000000000000e+04 8.669999999999999929e-01
4.160400000000000000e+04 8.668000000000000149e-01
4.161800000000000000e+04 8.666000000000000369e-01
4.163100000000000000e+04 8.663999999999999480e-01
4.164500000000000000e+04 8.661999999999999700e-01
4.165800000000000000e+04 8.659999999999999920e-01
4.167200000000000000e+04 8.659000000000000030e-01
4.168500000000000000e+04 8.657000000000000250e-01
4.169900000000000000e+04 8.655000000000000471e-01
4.171300000000000000e+04 8.653999999999999471e-01
4.172600000000000000e+04 8.651999999999999691e-01
4.174000000000000000e+04 8.650999999999999801e-01
4.175300000000000000e+04 8.649999999999999911e-01
4.176700000000000000e+04 8.649000000000000021e-01
4.178000000000000000e+04 8.648000000000000131e-01
4.179400000000000000e+04 8.647000000000000242e-01
4.180700000000000000e+04 8.646000000000000352e-01
4.182100000000000000e+04 8.645000000000000462e-01
4.183400000000000000e+04 8.645000000000000462e-01
4.184800000000000000e+04 8.645000000000000462e-01
4.186100000000000000e+04 8.645000000000000462e-01
4.187500000000000000e+04 8.645000000000000462e-01
4.188800000000000000e+04 8.645000000000000462e-01
4.190200000000000000e+04 8.645000000000000462e-01
4.191500000000000000e+04 8.646000000000000352e-01
4.192900000000000000e+04 8.646000000000000352e-01
4.194200000000000000e+04 8.647000000000000242e-01
4.195600000000000000e+04 8.648000000000000131e-01
4.196900000000000000e+04 8.649000000000000021e-01
4.198300000000000000e+04 8.649000000000000021e-01
4.199600000000000000e+04 8.650999999999999801e-01
4.201000000000000000e+04 8.651999999999999691e-01
4.202300000000000000e+04 8.652999999999999581e-01
4.203700000000000000e+04 8.655000000000000471e-01
4.205000000000000000e+04 8.657000000000000250e-01
4.206400000000000000e+04 8.658000000000000140e-01
4.207700000000000000e+04 8.659999999999999920e-01
4.209100000000000000e+04 8.661999999999999700e-01
4.210400000000000000e+04 8.663999999999999480e-01
4.211800000000000000e+04 8.666000000000000369e-01
4.213100000000000000e+04 8.667000000000000259e-01
4.214500000000000000e+04 8.669000000000000039e-01
4.215800000000000000e+04 8.671999999999999709e-01
4.217200000000000000e+04 8.672999999999999599e-01
4.218500000000000000e+04 8.675000000000000488e-01
4.219900000000000000e+04 8.677000000000000268e-01
4.221200000000000000e+04 8.678000000000000158e-01
4.222600000000000000e+04 8.679999999999999938e-01
4.223900000000000000e+04 8.681999999999999718e-01
4.225300000000000000e+04 8.682999999999999607e-01
4.226700000000000000e+04 8.683999999999999497e-01
4.228000000000000000e+04 8.683999999999999497e-01
4.229400000000000000e+04 8.685000000000000497e-01
4.230700000000000000e+04 8.686000000000000387e-01
4.232100000000000000e+04 8.685000000000000497e-01
4.233400000000000000e+04 8.685000000000000497e-01
4.234800000000000000e+04 8.685000000000000497e-01
4.236100000000000000e+04 8.683999999999999497e-01
4.237500000000000000e+04 8.682999999999999607e-01
4.238800000000000000e+04 8.681999999999999718e-01
4.240200000000000000e+04 8.680999999999999828e-01
4.241500000000000000e+04 8.679000000000000048e-01
4.242900000000000000e+04 8.678000000000000158e-01
4.244200000000000000e+04 8.676000000000000378e-01
4.245600000000000000e+04 8.673999999999999488e-01
4.246900000000000000e+04 8.671999999999999709e-01
4.248300000000000000e+04 8.669999999999999929e-01
4.249600000000000000e+04 8.668000000000000149e-01
4.251000000000000000e+04 8.665000000000000480e-01
4.252300000000000000e+04 8.661999999999999700e-01
4.253700000000000000e+04 8.659999999999999920e-01
4.255000000000000000e+04 8.657000000000000250e-01
4.256400000000000000e+04 8.653999999999999471e-01
4.257700000000000000e+04 8.651999999999999691e-01
4.259100000000000000e+04 8.649000000000000021e-01
4.260400000000000000e+04 8.647000000000000242e-01
4.261800000000000000e+04 8.645000000000000462e-01
4.263100000000000000e+04 8.641999999999999682e-01
4.264500000000000000e+04 8.639999999999999902e-01
4.265800000000000000e+04 8.638000000000000123e-01
4.267200000000000000e+04 8.636000000000000343e-01
4.268500000000000000e+04 8.632999999999999563e-01
4.269900000000000000e+04 8.630999999999999783e-01
4.271200000000000000e+04 8.628000000000000114e-01
4.272600000000000000e+04 8.626000000000000334e-01
4.273900000000000000e+04 8.622999999999999554e-01
4.275300000000000000e+04 8.620999999999999774e-01
4.276600000000000000e+04 8.618000000000000105e-01
4.278000000000000000e+04 8.616000000000000325e-01
4.279300000000000000e+04 8.612999999999999545e-01
4.280700000000000000e+04 8.610999999999999766e-01
4.282100000000000000e+04 8.608000000000000096e-01
4.283400000000000000e+04 8.606000000000000316e-01
4.284800000000000000e+04 8.604000000000000536e-01
4.286100000000000000e+04 8.601999999999999647e-01
4.287500000000000000e+04 8.599999999999999867e-01
4.288800000000000000e+04 8.598000000000000087e-01
4.290200000000000000e+04 8.596000000000000307e-01
4.291500000000000000e+04 8.594000000000000528e-01
4.292900000000000000e+04 8.592999999999999527e-01
4.294200000000000000e+04 8.590999999999999748e-01
4.295600000000000000e+04 8.589999999999999858e-01
4.296900000000000000e+04 8.588999999999999968e-01
4.298300000000000000e+04 8.588000000000000078e-01
4.299600000000000000e+04 8.587000000000000188e-01
4.301000000000000000e+04 8.586000000000000298e-01
4.302300000000000000e+04 8.586000000000000298e-01
4.303700000000000000e+04 8.585000000000000409e-01
4.305000000000000000e+04 8.585000000000000409e-01
4.306400000000000000e+04 8.585000000000000409e-01
4.307700000000000000e+04 8.585000000000000409e-01
4.309100000000000000e+04 8.585000000000000409e-01
4.310400000000000000e+04 8.585000000000000409e-01
4.311800000000000000e+04 8.586000000000000298e-01
4.313100000000000000e+04 8.587000000000000188e-01
4.314500000000000000e+04 8.587000000000000188e-01
4.315800000000000000e+04 8.588000000000000078e-01
4.317200000000000000e+04 8.588999999999999968e-01
4.318500000000000000e+04 8.589999999999999858e-01
4.319900000000000000e+04 8.591999999999999638e-01
4.321200000000000000e+04 8.592999999999999527e-01
4.322600000000000000e+04 8.594000000000000528e-01
4.323900000000000000e+04 8.596000000000000307e-01
4.325300000000000000e+04 8.597000000000000197e-01
4.326600000000000000e+04 8.598999999999999977e-01
4.328000000000000000e+04 8.599999999999999867e-01
4.329300000000000000e+04 8.601999999999999647e-01
4.330700000000000000e+04 8.604000000000000536e-01
4.332000000000000000e+04 8.605000000000000426e-01
4.333400000000000000e+04 8.607000000000000206e-01
4.334800000000000000e+04 8.608999999999999986e-01
4.336100000000000000e+04 8.609999999999999876e-01
4.337500000000000000e+04 8.611999999999999655e-01
4.338800000000000000e+04 8.612999999999999545e-01
4.340200000000000000e+04 8.615000000000000435e-01
4.341500000000000000e+04 8.616000000000000325e-01
4.342900000000000000e+04 8.618000000000000105e-01
4.344200000000000000e+04 8.618999999999999995e-01
4.345600000000000000e+04 8.619999999999999885e-01
4.346900000000000000e+04 8.620999999999999774e-01
4.348300000000000000e+04 8.620999999999999774e-01
4.349600000000000000e+04 8.621999999999999664e-01
4.351000000000000000e+04 8.621999999999999664e-01
4.352300000000000000e+04 8.621999999999999664e-01
4.353700000000000000e+04 8.621999999999999664e-01
4.355000000000000000e+04 8.620999999999999774e-01
4.356400000000000000e+04 8.620999999999999774e-01
4.357700000000000000e+04 8.619999999999999885e-01
4.359100000000000000e+04 8.618999999999999995e-01
4.360400000000000000e+04 8.618000000000000105e-01
4.361800000000000000e+04 8.616000000000000325e-01
4.363100000000000000e+04 8.615000000000000435e-01
4.364500000000000000e+04 8.612999999999999545e-01
4.365800000000000000e+04 8.609999999999999876e-01
4.367200000000000000e+04 8.608000000000000096e-01
4.368500000000000000e+04 8.605000000000000426e-01
4.369900000000000000e+04 8.601999999999999647e-01
4.371200000000000000e+04 8.598999999999999977e-01
4.372600000000000000e+04 8.596000000000000307e-01
4.373900000000000000e+04 8.591999999999999638e-01
4.375300000000000000e+04 8.588000000000000078e-01
4.376600000000000000e+04 8.584000000000000519e-01
4.378000000000000000e+04 8.580999999999999739e-01
4.379300000000000000e+04 8.576000000000000290e-01
4.380700000000000000e+04 8.571999999999999620e-01
4.382000000000000000e+04 8.567000000000000171e-01
4.383400000000000000e+04 8.562999999999999501e-01
4.384700000000000000e+04 8.558000000000000052e-01
4.386100000000000000e+04 8.552999999999999492e-01
4.387400000000000000e+04 8.548000000000000043e-01
4.388800000000000000e+04 8.542999999999999483e-01
4.390200000000000000e+04 8.538000000000000034e-01
4.391500000000000000e+04 8.532999999999999474e-01
4.392900000000000000e+04 8.528000000000000025e-01
4.394200000000000000e+04 8.522999999999999465e-01
4.395600000000000000e+04 8.518000000000000016e-01
4.396900000000000000e+04 8.514000000000000457e-01
4.398300000000000000e+04 8.509999999999999787e-01
4.399600000000000000e+04 8.506000000000000227e-01
4.401000000000000000e+04 8.501999999999999558e-01
4.402300000000000000e+04 8.497999999999999998e-01
4.403700000000000000e+04 8.494000000000000439e-01
4.405000000000000000e+04 8.490999999999999659e-01
4.406400000000000000e+04 8.487000000000000099e-01
4.407700000000000000e+04 8.484000000000000430e-01
4.409100000000000000e+04 8.480999999999999650e-01
4.410400000000000000e+04 8.477999999999999980e-01
4.411800000000000000e+04 8.475000000000000311e-01
4.413100000000000000e+04 8.473000000000000531e-01
4.414500000000000000e+04 8.469999999999999751e-01
4.415800000000000000e+04 8.467999999999999972e-01
4.417200000000000000e+04 8.466000000000000192e-01
4.418500000000000000e+04 8.465000000000000302e-01
4.419900000000000000e+04 8.463000000000000522e-01
4.421200000000000000e+04 8.461999999999999522e-01
4.422600000000000000e+04 8.459999999999999742e-01
4.423900000000000000e+04 8.458999999999999853e-01
4.425300000000000000e+04 8.457999999999999963e-01
4.426600000000000000e+04 8.457999999999999963e-01
4.428000000000000000e+04 8.457000000000000073e-01
4.429300000000000000e+04 8.457000000000000073e-01
4.430700000000000000e+04 8.456000000000000183e-01
4.432000000000000000e+04 8.456000000000000183e-01
4.433400000000000000e+04 8.456000000000000183e-01
4.434700000000000000e+04 8.456000000000000183e-01
4.436100000000000000e+04 8.457000000000000073e-01
4.437400000000000000e+04 8.457000000000000073e-01
4.438800000000000000e+04 8.457999999999999963e-01
4.440100000000000000e+04 8.457999999999999963e-01
4.441500000000000000e+04 8.458999999999999853e-01
4.442800000000000000e+04 8.459999999999999742e-01
4.444200000000000000e+04 8.460999999999999632e-01
4.445600000000000000e+04 8.461999999999999522e-01
4.446900000000000000e+04 8.463000000000000522e-01
4.448300000000000000e+04 8.463000000000000522e-01
4.449600000000000000e+04 8.464000000000000412e-01
4.451000000000000000e+04 8.465000000000000302e-01
4.452300000000000000e+04 8.466000000000000192e-01
4.453700000000000000e+04 8.467000000000000082e-01
4.455000000000000000e+04 8.467999999999999972e-01
4.456400000000000000e+04 8.468999999999999861e-01
4.457700000000000000e+04 8.469999999999999751e-01
4.459100000000000000e+04 8.470999999999999641e-01
4.460400000000000000e+04 8.473000000000000531e-01
4.461800000000000000e+04 8.474000000000000421e-01
4.463100000000000000e+04 8.475000000000000311e-01
4.464500000000000000e+04 8.476000000000000201e-01
4.465800000000000000e+04 8.477000000000000091e-01
4.467200000000000000e+04 8.477999999999999980e-01
4.468500000000000000e+04 8.478999999999999870e-01
4.469900000000000000e+04 8.479999999999999760e-01
4.471200000000000000e+04 8.480999999999999650e-01
4.472600000000000000e+04 8.481999999999999540e-01
4.473900000000000000e+04 8.481999999999999540e-01
4.475300000000000000e+04 8.483000000000000540e-01
4.476600000000000000e+04 8.484000000000000430e-01
4.478000000000000000e+04 8.484000000000000430e-01
4.479300000000000000e+04 8.485000000000000320e-01
4.480700000000000000e+04 8.486000000000000210e-01
4.482000000000000000e+04 8.486000000000000210e-01
4.483400000000000000e+04 8.487000000000000099e-01
4.484700000000000000e+04 8.487000000000000099e-01
4.486100000000000000e+04 8.487000000000000099e-01
4.487400000000000000e+04 8.487000000000000099e-01
4.488800000000000000e+04 8.487000000000000099e-01
4.490100000000000000e+04 8.487000000000000099e-01
4.491500000000000000e+04 8.487000000000000099e-01
4.492800000000000000e+04 8.487000000000000099e-01
4.494200000000000000e+04 8.487000000000000099e-01
4.495500000000000000e+04 8.486000000000000210e-01
4.496900000000000000e+04 8.486000000000000210e-01
4.498200000000000000e+04 8.485000000000000320e-01
4.499600000000000000e+04 8.485000000000000320e-01
4.501000000000000000e+04 8.484000000000000430e-01
4.502300000000000000e+04 8.483000000000000540e-01
4.503700000000000000e+04 8.481999999999999540e-01
4.505000000000000000e+04 8.481999999999999540e-01
4.506400000000000000e+04 8.480999999999999650e-01
4.507700000000000000e+04 8.478999999999999870e-01
4.509100000000000000e+04 8.477999999999999980e-01
4.510400000000000000e+04 8.477000000000000091e-01
4.511800000000000000e+04 8.475000000000000311e-01
4.513100000000000000e+04 8.474000000000000421e-01
4.514500000000000000e+04 8.473000000000000531e-01
4.515800000000000000e+04 8.470999999999999641e-01
4.517200000000000000e+04 8.469999999999999751e-01
4.518500000000000000e+04 8.467999999999999972e-01
4.519900000000000000e+04 8.467000000000000082e-01
4.521200000000000000e+04 8.465000000000000302e-01
4.522600000000000000e+04 8.464000000000000412e-01
4.523900000000000000e+04 8.461999999999999522e-01
4.525300000000000000e+04 8.459999999999999742e-01
4.526600000000000000e+04 8.457999999999999963e-01
4.528000000000000000e+04 8.456000000000000183e-01
4.529300000000000000e+04 8.454000000000000403e-01
4.530700000000000000e+04 8.451999999999999513e-01
4.532000000000000000e+04 8.450999999999999623e-01
4.533400000000000000e+04 8.447999999999999954e-01
4.534700000000000000e+04 8.446000000000000174e-01
4.536100000000000000e+04 8.445000000000000284e-01
4.537400000000000000e+04 8.443000000000000504e-01
4.538800000000000000e+04 8.439999999999999725e-01
4.540100000000000000e+04 8.438999999999999835e-01
4.541500000000000000e+04 8.437000000000000055e-01
4.542800000000000000e+04 8.435000000000000275e-01
4.544200000000000000e+04 8.433000000000000496e-01
4.545500000000000000e+04 8.430999999999999606e-01
4.546900000000000000e+04 8.428999999999999826e-01
4.548200000000000000e+04 8.427000000000000046e-01
4.549600000000000000e+04 8.425000000000000266e-01
4.550900000000000000e+04 8.423000000000000487e-01
4.552300000000000000e+04 8.420999999999999597e-01
4.553600000000000000e+04 8.418999999999999817e-01
4.555000000000000000e+04 8.417999999999999927e-01
4.556400000000000000e+04 8.416000000000000147e-01
4.557700000000000000e+04 8.414000000000000368e-01
4.559100000000000000e+04 8.411999999999999478e-01
4.560400000000000000e+04 8.409999999999999698e-01
4.561800000000000000e+04 8.408999999999999808e-01
4.563100000000000000e+04 8.407000000000000028e-01
4.564500000000000000e+04 8.405000000000000249e-01
4.565800000000000000e+04 8.404000000000000359e-01
4.567200000000000000e+04 8.401999999999999469e-01
4.568500000000000000e+04 8.399999999999999689e-01
4.569900000000000000e+04 8.398999999999999799e-01
4.571200000000000000e+04 8.397000000000000020e-01
4.572600000000000000e+04 8.396000000000000130e-01
4.573900000000000000e+04 8.394000000000000350e-01
4.575300000000000000e+04 8.393000000000000460e-01
4.576600000000000000e+04 8.390999999999999570e-01
4.578000000000000000e+04 8.388999999999999790e-01
4.579300000000000000e+04 8.387999999999999901e-01
4.580700000000000000e+04 8.386000000000000121e-01
4.582000000000000000e+04 8.385000000000000231e-01
4.583400000000000000e+04 8.383000000000000451e-01
4.584700000000000000e+04 8.380999999999999561e-01
4.586100000000000000e+04 8.378999999999999782e-01
4.587400000000000000e+04 8.377999999999999892e-01
4.588800000000000000e+04 8.376000000000000112e-01
4.590100000000000000e+04 8.374000000000000332e-01
4.591500000000000000e+04 8.372000000000000552e-01
4.592800000000000000e+04 8.369999999999999662e-01
4.594200000000000000e+04 8.367999999999999883e-01
4.595500000000000000e+04 8.365000000000000213e-01
4.596900000000000000e+04 8.363000000000000433e-01
4.598200000000000000e+04 8.360999999999999543e-01
4.599600000000000000e+04 8.357999999999999874e-01
4.600900000000000000e+04 8.356000000000000094e-01
4.602300000000000000e+04 8.353000000000000425e-01
4.603600000000000000e+04 8.349999999999999645e-01
4.605000000000000000e+04 8.347999999999999865e-01
4.606300000000000000e+04 8.344000000000000306e-01
4.607700000000000000e+04 8.340999999999999526e-01
4.609100000000000000e+04 8.337999999999999856e-01
4.610400000000000000e+04 8.335000000000000187e-01
4.611800000000000000e+04 8.330999999999999517e-01
4.613100000000000000e+04 8.326999999999999957e-01
4.614500000000000000e+04 8.323000000000000398e-01
4.615800000000000000e+04 8.319999999999999618e-01
4.617200000000000000e+04 8.315000000000000169e-01
4.618500000000000000e+04 8.310999999999999499e-01
4.619900000000000000e+04 8.306999999999999940e-01
4.621200000000000000e+04 8.302000000000000490e-01
4.622600000000000000e+04 8.297999999999999821e-01
4.623900000000000000e+04 8.294000000000000261e-01
4.625300000000000000e+04 8.287999999999999812e-01
4.626600000000000000e+04 8.284000000000000252e-01
4.628000000000000000e+04 8.278999999999999693e-01
4.629300000000000000e+04 8.273000000000000353e-01
4.630700000000000000e+04 8.267999999999999794e-01
4.632000000000000000e+04 8.262000000000000455e-01
4.633400000000000000e+04 8.256999999999999895e-01
4.634700000000000000e+04 8.252000000000000446e-01
4.636100000000000000e+04 8.245999999999999996e-01
4.637400000000000000e+04 8.239999999999999547e-01
4.638800000000000000e+04 8.235000000000000098e-01
4.640100000000000000e+04 8.228999999999999648e-01
4.641500000000000000e+04 8.223000000000000309e-01
4.642800000000000000e+04 8.217999999999999750e-01
4.644200000000000000e+04 8.211000000000000520e-01
4.645500000000000000e+04 8.205000000000000071e-01
4.646900000000000000e+04 8.199999999999999512e-01
4.648200000000000000e+04 8.193000000000000282e-01
4.649600000000000000e+04 8.187999999999999723e-01
4.650900000000000000e+04 8.182000000000000384e-01
4.652300000000000000e+04 8.175999999999999934e-01
4.653600000000000000e+04 8.169999999999999485e-01
4.655000000000000000e+04 8.165000000000000036e-01
4.656300000000000000e+04 8.157999999999999696e-01
4.657700000000000000e+04 8.153000000000000247e-01
4.659000000000000000e+04 8.145999999999999908e-01
4.660400000000000000e+04 8.141000000000000458e-01
4.661700000000000000e+04 8.135999999999999899e-01
4.663100000000000000e+04 8.128999999999999559e-01
4.664500000000000000e+04 8.124000000000000110e-01
4.665800000000000000e+04 8.120000000000000551e-01
4.667200000000000000e+04 8.114000000000000101e-01
4.668500000000000000e+04 8.108999999999999542e-01
4.669900000000000000e+04 8.104999999999999982e-01
4.671200000000000000e+04 8.098999999999999533e-01
4.672600000000000000e+04 8.094999999999999973e-01
4.673900000000000000e+04 8.092000000000000304e-01
4.675300000000000000e+04 8.086999999999999744e-01
4.676600000000000000e+04 8.083000000000000185e-01
4.678000000000000000e+04 8.080000000000000515e-01
4.679300000000000000e+04 8.074999999999999956e-01
4.680700000000000000e+04 8.072000000000000286e-01
4.682000000000000000e+04 8.067999999999999616e-01
4.683400000000000000e+04 8.065999999999999837e-01
4.684700000000000000e+04 8.063000000000000167e-01
4.686100000000000000e+04 8.060000000000000497e-01
4.687400000000000000e+04 8.057999999999999607e-01
4.688800000000000000e+04 8.055999999999999828e-01
4.690100000000000000e+04 8.054000000000000048e-01
4.691500000000000000e+04 8.052000000000000268e-01
4.692800000000000000e+04 8.051000000000000378e-01
4.694200000000000000e+04 8.048999999999999488e-01
4.695500000000000000e+04 8.048999999999999488e-01
4.696900000000000000e+04 8.048999999999999488e-01
4.698200000000000000e+04 8.046999999999999709e-01
4.699600000000000000e+04 8.046999999999999709e-01
4.700900000000000000e+04 8.047999999999999599e-01
4.702300000000000000e+04 8.046999999999999709e-01
4.703600000000000000e+04 8.046999999999999709e-01
4.705000000000000000e+04 8.047999999999999599e-01
4.706300000000000000e+04 8.047999999999999599e-01
4.707700000000000000e+04 8.048999999999999488e-01
4.709000000000000000e+04 8.048999999999999488e-01
4.710400000000000000e+04 8.051000000000000378e-01
4.711700000000000000e+04 8.052000000000000268e-01
4.713100000000000000e+04 8.053000000000000158e-01
4.714400000000000000e+04 8.054999999999999938e-01
4.715800000000000000e+04 8.057999999999999607e-01
4.717100000000000000e+04 8.058999999999999497e-01
4.718500000000000000e+04 8.061000000000000387e-01
4.719900000000000000e+04 8.064000000000000057e-01
4.721200000000000000e+04 8.064999999999999947e-01
4.722600000000000000e+04 8.067999999999999616e-01
4.723900000000000000e+04 8.071000000000000396e-01
4.725300000000000000e+04 8.073000000000000176e-01
4.726600000000000000e+04 8.075999999999999845e-01
4.728000000000000000e+04 8.078999999999999515e-01
4.729300000000000000e+04 8.081000000000000405e-01
4.730700000000000000e+04 8.084000000000000075e-01
4.732000000000000000e+04 8.085999999999999854e-01
4.733400000000000000e+04 8.088999999999999524e-01
4.734700000000000000e+04 8.093000000000000194e-01
4.736100000000000000e+04 8.094999999999999973e-01
4.737400000000000000e+04 8.097999999999999643e-01
4.738800000000000000e+04 8.101000000000000423e-01
4.740100000000000000e+04 8.104000000000000092e-01
4.741500000000000000e+04 8.106999999999999762e-01
4.742800000000000000e+04 8.110000000000000542e-01
4.744200000000000000e+04 8.112000000000000322e-01
4.745500000000000000e+04 8.114999999999999991e-01
4.746900000000000000e+04 8.117999999999999661e-01
4.748200000000000000e+04 8.120000000000000551e-01
4.749600000000000000e+04 8.122000000000000330e-01
4.750900000000000000e+04 8.125000000000000000e-01
4.752300000000000000e+04 8.126999999999999780e-01
4.753600000000000000e+04 8.128999999999999559e-01
4.755000000000000000e+04 8.131000000000000449e-01
4.756300000000000000e+04 8.133000000000000229e-01
4.757700000000000000e+04 8.135000000000000009e-01
4.759000000000000000e+04 8.136999999999999789e-01
4.760400000000000000e+04 8.138999999999999568e-01
4.761700000000000000e+04 8.139999999999999458e-01
4.763100000000000000e+04 8.142000000000000348e-01
4.764400000000000000e+04 8.143000000000000238e-01
4.765800000000000000e+04 8.144000000000000128e-01
4.767100000000000000e+04 8.145000000000000018e-01
4.768500000000000000e+04 8.145999999999999908e-01
4.769800000000000000e+04 8.145999999999999908e-01
4.771200000000000000e+04 8.146999999999999797e-01
4.772500000000000000e+04 8.147999999999999687e-01
4.773900000000000000e+04 8.147999999999999687e-01
4.775300000000000000e+04 8.147999999999999687e-01
4.776600000000000000e+04 8.148999999999999577e-01
4.778000000000000000e+04 8.148999999999999577e-01
4.779300000000000000e+04 8.148999999999999577e-01
4.780700000000000000e+04 8.148999999999999577e-01
4.782000000000000000e+04 8.148999999999999577e-01
4.783400000000000000e+04 8.148999999999999577e-01
4.784700000000000000e+04 8.148999999999999577e-01
4.786100000000000000e+04 8.149999999999999467e-01
4.787400000000000000e+04 8.149999999999999467e-01
4.788800000000000000e+04 8.149999999999999467e-01
4.790100000000000000e+04 8.149999999999999467e-01
4.791500000000000000e+04 8.149999999999999467e-01
4.792800000000000000e+04 8.149999999999999467e-01
4.794200000000000000e+04 8.149999999999999467e-01
4.795500000000000000e+04 8.149999999999999467e-01
4.796900000000000000e+04 8.149999999999999467e-01
4.798200000000000000e+04 8.149999999999999467e-01
4.799600000000000000e+04 8.151000000000000467e-01
4.800900000000000000e+04 8.151000000000000467e-01
4.802300000000000000e+04 8.151000000000000467e-01
4.803600000000000000e+04 8.152000000000000357e-01
4.805000000000000000e+04 8.152000000000000357e-01
4.806300000000000000e+04 8.153000000000000247e-01
4.807700000000000000e+04 8.154000000000000137e-01
4.809000000000000000e+04 8.155000000000000027e-01
4.810400000000000000e+04 8.155999999999999917e-01
4.811700000000000000e+04 8.156999999999999806e-01
4.813100000000000000e+04 8.157999999999999696e-01
4.814400000000000000e+04 8.159999999999999476e-01
4.815800000000000000e+04 8.161000000000000476e-01
4.817100000000000000e+04 8.163000000000000256e-01
4.818500000000000000e+04 8.164000000000000146e-01
4.819800000000000000e+04 8.165999999999999925e-01
4.821200000000000000e+04 8.167999999999999705e-01
4.822500000000000000e+04 8.169999999999999485e-01
4.823900000000000000e+04 8.172000000000000375e-01
4.825200000000000000e+04 8.175000000000000044e-01
4.826600000000000000e+04 8.176999999999999824e-01
4.827900000000000000e+04 8.178999999999999604e-01
4.829300000000000000e+04 8.182000000000000384e-01
4.830700000000000000e+04 8.185000000000000053e-01
4.832000000000000000e+04 8.187999999999999723e-01
4.833400000000000000e+04 8.191000000000000503e-01
4.834700000000000000e+04 8.194000000000000172e-01
4.836100000000000000e+04 8.196999999999999842e-01
4.837400000000000000e+04 8.199999999999999512e-01
4.838800000000000000e+04 8.203000000000000291e-01
4.840100000000000000e+04 8.206999999999999851e-01
4.841500000000000000e+04 8.209999999999999520e-01
4.842800000000000000e+04 8.214000000000000190e-01
4.844200000000000000e+04 8.216999999999999860e-01
4.845500000000000000e+04 8.221000000000000529e-01
4.846900000000000000e+04 8.224000000000000199e-01
4.848200000000000000e+04 8.227999999999999758e-01
4.849600000000000000e+04 8.231000000000000538e-01
4.850900000000000000e+04 8.234000000000000208e-01
4.852300000000000000e+04 8.237999999999999767e-01
4.853600000000000000e+04 8.241000000000000547e-01
4.855000000000000000e+04 8.244000000000000217e-01
4.856300000000000000e+04 8.246999999999999886e-01
4.857700000000000000e+04 8.249999999999999556e-01
4.859000000000000000e+04 8.253000000000000336e-01
4.860400000000000000e+04 8.256000000000000005e-01
4.861700000000000000e+04 8.258999999999999675e-01
4.863100000000000000e+04 8.262000000000000455e-01
4.864400000000000000e+04 8.264000000000000234e-01
4.865800000000000000e+04 8.266000000000000014e-01
4.867100000000000000e+04 8.268999999999999684e-01
4.868500000000000000e+04 8.270999999999999464e-01
4.869800000000000000e+04 8.273000000000000353e-01
4.871200000000000000e+04 8.275000000000000133e-01
4.872500000000000000e+04 8.276000000000000023e-01
4.873900000000000000e+04 8.277999999999999803e-01
4.875200000000000000e+04 8.278999999999999693e-01
4.876600000000000000e+04 8.279999999999999583e-01
4.877900000000000000e+04 8.280999999999999472e-01
4.879300000000000000e+04 8.279999999999999583e-01
4.880600000000000000e+04 8.277999999999999803e-01
4.882000000000000000e+04 8.276000000000000023e-01
4.883400000000000000e+04 8.270999999999999464e-01
4.884700000000000000e+04 8.267999999999999794e-01
4.886100000000000000e+04 8.263000000000000345e-01
4.887400000000000000e+04 8.260999999999999455e-01
4.888800000000000000e+04 8.257999999999999785e-01
4.890100000000000000e+04 8.252000000000000446e-01
4.891500000000000000e+04 8.248999999999999666e-01
4.892800000000000000e+04 8.245000000000000107e-01
4.894200000000000000e+04 8.238999999999999657e-01
4.895500000000000000e+04 8.235999999999999988e-01
4.896900000000000000e+04 8.232000000000000428e-01
4.898200000000000000e+04 8.225999999999999979e-01
4.899600000000000000e+04 8.222000000000000419e-01
4.900900000000000000e+04 8.217999999999999750e-01
4.902300000000000000e+04 8.211000000000000520e-01
4.903600000000000000e+04 8.206999999999999851e-01
4.905000000000000000e+04 8.203000000000000291e-01
4.906300000000000000e+04 8.195999999999999952e-01
4.907700000000000000e+04 8.191000000000000503e-01
4.909000000000000000e+04 8.184000000000000163e-01
4.910400000000000000e+04 8.179999999999999494e-01
4.911700000000000000e+04 8.175999999999999934e-01
4.913100000000000000e+04 8.168999999999999595e-01
4.914400000000000000e+04 8.165000000000000036e-01
4.915800000000000000e+04 8.159999999999999476e-01
4.917100000000000000e+04 8.153000000000000247e-01
4.918500000000000000e+04 8.148999999999999577e-01
4.919800000000000000e+04 8.144000000000000128e-01
4.921200000000000000e+04 8.136999999999999789e-01
4.922500000000000000e+04 8.132000000000000339e-01
4.923900000000000000e+04 8.127999999999999670e-01
4.925200000000000000e+04 8.120000000000000551e-01
4.926600000000000000e+04 8.115999999999999881e-01
4.927900000000000000e+04 8.111000000000000432e-01
4.929300000000000000e+04 8.103000000000000203e-01
4.930600000000000000e+04 8.097999999999999643e-01
4.932000000000000000e+04 8.093000000000000194e-01
4.933300000000000000e+04 8.084999999999999964e-01
4.934700000000000000e+04 8.080000000000000515e-01
4.936000000000000000e+04 8.071000000000000396e-01
4.937400000000000000e+04 8.064999999999999947e-01
4.938800000000000000e+04 8.058999999999999497e-01
4.940100000000000000e+04 8.050000000000000488e-01
4.941500000000000000e+04 8.044000000000000039e-01
4.942800000000000000e+04 8.036999999999999700e-01
4.944200000000000000e+04 8.025999999999999801e-01
4.945500000000000000e+04 8.017999999999999572e-01
4.946900000000000000e+04 8.010000000000000453e-01
4.948200000000000000e+04 7.997999999999999554e-01
4.949600000000000000e+04 7.989000000000000545e-01
4.950900000000000000e+04 7.977999999999999536e-01
4.952300000000000000e+04 7.963999999999999968e-01
4.953600000000000000e+04 7.953000000000000069e-01
4.955000000000000000e+04 7.940000000000000391e-01
4.956300000000000000e+04 7.923999999999999932e-01
4.957700000000000000e+04 7.909000000000000474e-01
4.959000000000000000e+04 7.891000000000000236e-01
4.960400000000000000e+04 7.874999999999999778e-01
4.961700000000000000e+04 7.856999999999999540e-01
4.963100000000000000e+04 7.834999999999999742e-01
4.964400000000000000e+04 7.814999999999999725e-01
4.965800000000000000e+04 7.793999999999999817e-01
4.967100000000000000e+04 7.768000000000000460e-01
4.968500000000000000e+04 7.743999999999999773e-01
4.969800000000000000e+04 7.718000000000000416e-01
4.971200000000000000e+04 7.687000000000000499e-01
4.972500000000000000e+04 7.658000000000000362e-01
4.973900000000000000e+04 7.627000000000000446e-01
4.975200000000000000e+04 7.590999999999999970e-01
4.976600000000000000e+04 7.557000000000000384e-01
4.977900000000000000e+04 7.520000000000000018e-01
4.979300000000000000e+04 7.478000000000000203e-01
4.980600000000000000e+04 7.438000000000000167e-01
4.982000000000000000e+04 7.395000000000000462e-01
4.983300000000000000e+04 7.347000000000000197e-01
4.984700000000000000e+04 7.298999999999999932e-01
4.986000000000000000e+04 7.247000000000000108e-01
4.987400000000000000e+04 7.195000000000000284e-01
4.988700000000000000e+04 7.139999999999999680e-01
4.990100000000000000e+04 7.079999999999999627e-01
4.991400000000000000e+04 7.020999999999999464e-01
4.992800000000000000e+04 6.958999999999999631e-01
4.994200000000000000e+04 6.891000000000000458e-01
4.995500000000000000e+04 6.824999999999999956e-01
4.996900000000000000e+04 6.754999999999999893e-01
4.998200000000000000e+04 6.680000000000000382e-01
4.999600000000000000e+04 6.604999999999999760e-01
5.000900000000000000e+04 6.526999999999999469e-01
5.002300000000000000e+04 6.444999999999999618e-01
5.003600000000000000e+04 6.362999999999999767e-01
5.005000000000000000e+04 6.278000000000000247e-01
5.006300000000000000e+04 6.187000000000000277e-01
5.007700000000000000e+04 6.097000000000000197e-01
5.009000000000000000e+04 6.000999999999999668e-01
5.010400000000000000e+04 5.905000000000000249e-01
5.011700000000000000e+04 5.806000000000000050e-01
5.013100000000000000e+04 5.703000000000000291e-01
5.014400000000000000e+04 5.598999999999999533e-01
5.015800000000000000e+04 5.492000000000000215e-01
5.017100000000000000e+04 5.381000000000000227e-01
5.018500000000000000e+04 5.270000000000000240e-01
5.019800000000000000e+04 5.155999999999999472e-01
5.021200000000000000e+04 5.039000000000000146e-01
5.022500000000000000e+04 4.920999999999999819e-01
5.023900000000000000e+04 4.801000000000000267e-01
5.025200000000000000e+04 4.678999999999999826e-01
5.026600000000000000e+04 4.556000000000000050e-01
5.027900000000000000e+04 4.431999999999999829e-01
5.029300000000000000e+04 4.304999999999999938e-01
5.030600000000000000e+04 4.178999999999999937e-01
5.032000000000000000e+04 4.052999999999999936e-01
5.033300000000000000e+04 3.924000000000000266e-01
5.034700000000000000e+04 3.796999999999999820e-01
5.036000000000000000e+04 3.668000000000000149e-01
5.037400000000000000e+04 3.541000000000000258e-01
5.038700000000000000e+04 3.413999999999999813e-01
5.040100000000000000e+04 3.286999999999999922e-01
5.041400000000000000e+04 3.161999999999999811e-01
5.042800000000000000e+04 3.038000000000000145e-01
5.044100000000000000e+04 2.916000000000000258e-01
5.045500000000000000e+04 2.795000000000000262e-01
5.046800000000000000e+04 2.676999999999999935e-01
5.048200000000000000e+04 2.560000000000000053e-01
5.049600000000000000e+04 2.447000000000000008e-01
5.050900000000000000e+04 2.336000000000000021e-01
5.052300000000000000e+04 2.227000000000000091e-01
5.053600000000000000e+04 2.121999999999999997e-01
5.055000000000000000e+04 2.020000000000000129e-01
5.056300000000000000e+04 1.920000000000000040e-01
5.057700000000000000e+04 1.824000000000000066e-01
5.059000000000000000e+04 1.731000000000000039e-01
5.060400000000000000e+04 1.642000000000000126e-01
5.061700000000000000e+04 1.557000000000000051e-01
5.063100000000000000e+04 1.474000000000000032e-01
5.064400000000000000e+04 1.395000000000000129e-01
5.065800000000000000e+04 1.320000000000000062e-01
5.067100000000000000e+04 1.247000000000000053e-01
5.068500000000000000e+04 1.179000000000000048e-01
5.069800000000000000e+04 1.112999999999999962e-01
5.071200000000000000e+04 1.049999999999999961e-01
5.072500000000000000e+04 9.908999999999999753e-02
5.073900000000000000e+04 9.343999999999999528e-02
5.075200000000000000e+04 8.808000000000000551e-02
5.076600000000000000e+04 8.301000000000000045e-02
5.077900000000000000e+04 7.820000000000000562e-02
5.079300000000000000e+04 7.364999999999999325e-02
5.080600000000000000e+04 6.936000000000000498e-02
5.082000000000000000e+04 6.529999999999999694e-02
5.083300000000000000e+04 6.146000000000000074e-02
5.084700000000000000e+04 5.784999999999999865e-02
5.086000000000000000e+04 5.444000000000000228e-02
5.087400000000000000e+04 5.122999999999999776e-02
5.088700000000000000e+04 4.821000000000000285e-02
5.090100000000000000e+04 4.535000000000000142e-02
5.091400000000000000e+04 4.268000000000000266e-02
5.092800000000000000e+04 4.016000000000000125e-02
5.094100000000000000e+04 3.778999999999999720e-02
5.095500000000000000e+04 3.556999999999999745e-02
5.096800000000000000e+04 3.348000000000000281e-02
5.098200000000000000e+04 3.151000000000000328e-02
5.099500000000000000e+04 2.966999999999999846e-02
5.100900000000000000e+04 2.793999999999999956e-02
5.102200000000000000e+04 2.631000000000000005e-02
5.103600000000000000e+04 2.478999999999999954e-02
5.105000000000000000e+04 2.335999999999999882e-02
5.106300000000000000e+04 2.202000000000000138e-02
5.107700000000000000e+04 2.076000000000000068e-02
5.109000000000000000e+04 1.957000000000000059e-02
5.110400000000000000e+04 1.846000000000000071e-02
5.111700000000000000e+04 1.740999999999999839e-02
5.113100000000000000e+04 1.643000000000000016e-02
5.114400000000000000e+04 1.549999999999999989e-02
5.115800000000000000e+04 1.464000000000000024e-02
5.117100000000000000e+04 1.382000000000000069e-02
5.118500000000000000e+04 1.305000000000000084e-02
5.119800000000000000e+04 1.233000000000000068e-02
5.121200000000000000e+04 1.165000000000000063e-02
5.122500000000000000e+04 1.102000000000000028e-02
5.123900000000000000e+04 1.042000000000000044e-02
5.125200000000000000e+04 9.853999999999999912e-03
5.126600000000000000e+04 9.324999999999999956e-03
5.127900000000000000e+04 8.826999999999999777e-03
5.129300000000000000e+04 8.354999999999999580e-03
5.130600000000000000e+04 7.912999999999999895e-03
5.132000000000000000e+04 7.497000000000000192e-03
5.133300000000000000e+04 7.102999999999999939e-03
5.134700000000000000e+04 6.735999999999999800e-03
5.136000000000000000e+04 6.322999999999999628e-03
5.137400000000000000e+04 5.938999999999999835e-03
5.138700000000000000e+04 5.579999999999999891e-03
5.140100000000000000e+04 5.242000000000000132e-03
5.141400000000000000e+04 4.925999999999999823e-03
5.142800000000000000e+04 4.630999999999999700e-03
5.144100000000000000e+04 4.353000000000000098e-03
5.145500000000000000e+04 4.093000000000000284e-03
5.146800000000000000e+04 3.850000000000000124e-03
5.148200000000000000e+04 3.621999999999999786e-03
5.149500000000000000e+04 3.409000000000000138e-03
5.150900000000000000e+04 3.210000000000000180e-03
5.152200000000000000e+04 3.020999999999999814e-03
5.153600000000000000e+04 2.846000000000000005e-03
5.154900000000000000e+04 2.680999999999999790e-03
5.156300000000000000e+04 2.524999999999999901e-03
5.157700000000000000e+04 2.380000000000000171e-03
5.159000000000000000e+04 2.242000000000000069e-03
5.160400000000000000e+04 2.112999999999999861e-03
5.161700000000000000e+04 1.991000000000000148e-03
5.163100000000000000e+04 1.876000000000000063e-03
5.164400000000000000e+04 1.768999999999999956e-03
5.165800000000000000e+04 1.667000000000000079e-03
5.167100000000000000e+04 1.570999999999999914e-03
5.168500000000000000e+04 1.479999999999999979e-03
5.169800000000000000e+04 1.394999999999999973e-03
5.171200000000000000e+04 1.314999999999999980e-03
5.172500000000000000e+04 1.240999999999999916e-03
5.173900000000000000e+04 1.172000000000000082e-03
5.175200000000000000e+04 1.106999999999999911e-03
5.176600000000000000e+04 1.046999999999999971e-03
5.177900000000000000e+04 9.906999999999999574e-04
5.179300000000000000e+04 9.370999999999999556e-04
5.180600000000000000e+04 8.867000000000000316e-04
5.182000000000000000e+04 8.390000000000000105e-04
5.183300000000000000e+04 7.931999999999999815e-04
5.184700000000000000e+04 7.500000000000000156e-04
5.186000000000000000e+04 7.083000000000000320e-04
5.187400000000000000e+04 6.689999999999999983e-04
5.188700000000000000e+04 6.315999999999999566e-04
5.190100000000000000e+04 5.959999999999999586e-04
5.191400000000000000e+04 5.628999999999999672e-04
5.192800000000000000e+04 5.316999999999999678e-04
5.194100000000000000e+04 5.019000000000000024e-04
5.195500000000000000e+04 4.739999999999999747e-04
5.196800000000000000e+04 4.476999999999999860e-04
5.198200000000000000e+04 4.229999999999999819e-04
5.199500000000000000e+04 4.000000000000000192e-04
5.200900000000000000e+04 3.781999999999999772e-04
5.202200000000000000e+04 3.571000000000000064e-04
5.203600000000000000e+04 3.369000000000000033e-04
5.204900000000000000e+04 3.177000000000000245e-04
5.206300000000000000e+04 2.992000000000000085e-04
5.207600000000000000e+04 2.820000000000000241e-04
5.209000000000000000e+04 2.656000000000000049e-04
5.210300000000000000e+04 2.500000000000000052e-04
5.211700000000000000e+04 2.356000000000000075e-04
5.213100000000000000e+04 2.222000000000000071e-04
5.214400000000000000e+04 2.101000000000000111e-04
5.215800000000000000e+04 1.985000000000000002e-04
5.217100000000000000e+04 1.871999999999999966e-04
5.218500000000000000e+04 1.764000000000000051e-04
5.219800000000000000e+04 1.658999999999999939e-04
5.221200000000000000e+04 1.559999999999999972e-04
5.222500000000000000e+04 1.466999999999999880e-04
5.223900000000000000e+04 1.377999999999999885e-04
5.225200000000000000e+04 1.291999999999999963e-04
5.226600000000000000e+04 1.212000000000000051e-04
5.227900000000000000e+04 1.136999999999999990e-04
5.229300000000000000e+04 1.067999999999999939e-04
5.230600000000000000e+04 1.006000000000000058e-04
5.232000000000000000e+04 9.450000000000000663e-05
5.233300000000000000e+04 8.859000000000000392e-05
5.234700000000000000e+04 8.294000000000000211e-05
5.236000000000000000e+04 7.745999999999999359e-05
5.237400000000000000e+04 7.231000000000000394e-05
5.238700000000000000e+04 6.737000000000000041e-05
5.240100000000000000e+04 6.247999999999999810e-05
5.241400000000000000e+04 5.779000000000000066e-05
5.242800000000000000e+04 5.331000000000000289e-05
5.244100000000000000e+04 4.907000000000000283e-05
5.245500000000000000e+04 4.518999999999999932e-05
5.246800000000000000e+04 4.156000000000000189e-05
5.248200000000000000e+04 3.813000000000000254e-05
5.249500000000000000e+04 3.495999999999999732e-05
5.250900000000000000e+04 3.203000000000000335e-05
5.252200000000000000e+04 2.926000000000000107e-05
5.253600000000000000e+04 2.663000000000000084e-05
5.254900000000000000e+04 2.402999999999999863e-05
5.256300000000000000e+04 2.139999999999999840e-05
5.257600000000000000e+04 1.879999999999999957e-05
5.259000000000000000e+04 1.626000000000000017e-05
5.260300000000000000e+04 1.379000000000000011e-05
5.261700000000000000e+04 1.142000000000000077e-05
