2.886200000000000000e+04 1.032999999999999935e-05
2.887600000000000000e+04 1.112000000000000026e-05
2.888900000000000000e+04 1.109000000000000055e-05
2.890300000000000000e+04 1.170999999999999969e-05
2.891600000000000000e+04 1.165000000000000027e-05
2.893000000000000000e+04 1.136999999999999956e-05
2.894300000000000000e+04 1.065999999999999958e-05
2.895700000000000000e+04 1.023000000000000031e-05
2.897000000000000000e+04 1.036000000000000076e-05
2.898400000000000000e+04 1.055000000000000063e-05
2.899700000000000000e+04 1.356000000000000061e-05
2.901100000000000000e+04 1.531999999999999901e-05
2.902400000000000000e+04 1.576000000000000157e-05
2.903800000000000000e+04 1.686999999999999942e-05
2.905100000000000000e+04 1.875999999999999996e-05
2.906500000000000000e+04 2.023000000000000113e-05
2.907900000000000000e+04 2.076000000000000114e-05
2.909200000000000000e+04 2.105000000000000005e-05
2.910600000000000000e+04 1.947000000000000163e-05
2.911900000000000000e+04 1.851999999999999887e-05
2.913300000000000000e+04 2.019999999999999972e-05
2.914600000000000000e+04 2.218000000000000109e-05
2.916000000000000000e+04 2.353000000000000003e-05
2.917300000000000000e+04 2.428000000000000132e-05
2.918700000000000000e+04 2.546999999999999839e-05
2.920000000000000000e+04 2.606000000000000121e-05
2.921400000000000000e+04 2.680999999999999912e-05
2.922700000000000000e+04 2.731999999999999931e-05
2.924100000000000000e+04 2.716999999999999906e-05
2.925400000000000000e+04 2.735000000000000072e-05
2.926800000000000000e+04 2.807000000000000060e-05
2.928100000000000000e+04 2.905000000000000139e-05
2.929500000000000000e+04 2.911000000000000081e-05
2.930800000000000000e+04 3.023999999999999846e-05
2.932200000000000000e+04 3.123999999999999905e-05
2.933500000000000000e+04 3.164000000000000200e-05
2.934900000000000000e+04 3.079000000000000167e-05
2.936200000000000000e+04 2.989999999999999833e-05
2.937600000000000000e+04 2.900000000000000017e-05
2.938900000000000000e+04 2.792999999999999856e-05
2.940300000000000000e+04 2.860999999999999882e-05
2.941600000000000000e+04 2.951000000000000037e-05
2.943000000000000000e+04 2.966999999999999884e-05
2.944300000000000000e+04 2.970999999999999845e-05
2.945700000000000000e+04 3.023999999999999846e-05
2.947000000000000000e+04 3.000000000000000076e-05
2.948400000000000000e+04 2.979000000000000108e-05
2.949700000000000000e+04 3.097999999999999815e-05
2.951100000000000000e+04 3.105999999999999739e-05
2.952400000000000000e+04 3.102999999999999937e-05
2.953800000000000000e+04 3.083000000000000128e-05
2.955100000000000000e+04 3.084999999999999770e-05
2.956500000000000000e+04 3.071999999999999725e-05
2.957800000000000000e+04 3.067999999999999764e-05
2.959200000000000000e+04 3.190000000000000290e-05
2.960500000000000000e+04 3.207000000000000296e-05
2.961900000000000000e+04 3.238999999999999990e-05
2.963300000000000000e+04 3.286000000000000048e-05
2.964600000000000000e+04 3.415000000000000338e-05
2.966000000000000000e+04 3.533000000000000224e-05
2.967300000000000000e+04 3.864000000000000274e-05
2.968700000000000000e+04 4.140999999999999824e-05
2.970000000000000000e+04 4.229999999999999819e-05
2.971400000000000000e+04 4.374999999999999956e-05
2.972700000000000000e+04 4.594999999999999882e-05
2.974100000000000000e+04 4.755999999999999865e-05
2.975400000000000000e+04 4.975999999999999792e-05
2.976800000000000000e+04 5.208999999999999763e-05
2.978100000000000000e+04 5.376000000000000028e-05
2.979500000000000000e+04 5.743999999999999893e-05
2.980800000000000000e+04 6.189000000000000545e-05
2.982200000000000000e+04 6.564000000000000173e-05
2.983500000000000000e+04 7.001999999999999706e-05
2.984900000000000000e+04 7.752999999999999801e-05
2.986200000000000000e+04 8.454000000000000035e-05
2.987600000000000000e+04 9.242999999999999426e-05
2.988900000000000000e+04 1.012999999999999957e-04
2.990300000000000000e+04 1.086999999999999994e-04
2.991600000000000000e+04 1.173999999999999941e-04
2.993000000000000000e+04 1.275000000000000092e-04
2.994300000000000000e+04 1.377999999999999885e-04
2.995700000000000000e+04 1.462000000000000029e-04
2.997000000000000000e+04 1.553000000000000073e-04
2.998400000000000000e+04 1.667000000000000133e-04
2.999700000000000000e+04 1.787000000000000068e-04
3.001100000000000000e+04 1.936999999999999920e-04
3.002400000000000000e+04 2.093999999999999941e-04
3.003800000000000000e+04 2.251999999999999987e-04
3.005100000000000000e+04 2.429999999999999977e-04
3.006500000000000000e+04 2.633000000000000032e-04
3.007800000000000000e+04 2.848999999999999862e-04
3.009200000000000000e+04 3.078000000000000007e-04
3.010500000000000000e+04 3.318999999999999902e-04
3.011900000000000000e+04 3.572000000000000088e-04
3.013200000000000000e+04 3.838000000000000049e-04
3.014600000000000000e+04 4.124999999999999977e-04
3.015900000000000000e+04 4.428999999999999777e-04
3.017300000000000000e+04 4.744999999999999869e-04
3.018700000000000000e+04 5.083000000000000495e-04
3.020000000000000000e+04 5.431999999999999763e-04
3.021400000000000000e+04 5.804000000000000131e-04
3.022700000000000000e+04 6.191999999999999805e-04
3.024100000000000000e+04 6.616000000000000353e-04
3.025400000000000000e+04 7.081000000000000271e-04
3.026800000000000000e+04 7.560000000000000530e-04
3.028100000000000000e+04 8.061000000000000240e-04
3.029500000000000000e+04 8.618000000000000226e-04
3.030800000000000000e+04 9.206000000000000424e-04
3.032200000000000000e+04 9.832000000000000461e-04
3.033500000000000000e+04 1.051000000000000068e-03
3.034900000000000000e+04 1.123000000000000083e-03
3.036200000000000000e+04 1.198000000000000063e-03
3.037600000000000000e+04 1.278999999999999972e-03
3.038900000000000000e+04 1.366999999999999943e-03
3.040300000000000000e+04 1.461999999999999975e-03
3.041600000000000000e+04 1.562999999999999936e-03
3.043000000000000000e+04 1.670999999999999959e-03
3.044300000000000000e+04 1.788000000000000093e-03
3.045700000000000000e+04 1.915000000000000036e-03
3.047000000000000000e+04 2.050000000000000173e-03
3.048400000000000000e+04 2.197000000000000168e-03
3.049700000000000000e+04 2.357000000000000154e-03
3.051100000000000000e+04 2.526000000000000034e-03
3.052400000000000000e+04 2.710999999999999868e-03
3.053800000000000000e+04 2.912000000000000092e-03
3.055100000000000000e+04 3.127000000000000005e-03
3.056500000000000000e+04 3.363000000000000104e-03
3.057800000000000000e+04 3.616999999999999989e-03
3.059200000000000000e+04 3.892000000000000060e-03
3.060500000000000000e+04 4.191000000000000281e-03
3.061900000000000000e+04 4.514999999999999916e-03
3.063200000000000000e+04 4.866999999999999799e-03
3.064600000000000000e+04 5.250000000000000326e-03
3.065900000000000000e+04 5.662999999999999631e-03
3.067300000000000000e+04 6.108999999999999847e-03
3.068600000000000000e+04 6.597000000000000433e-03
3.070000000000000000e+04 7.126000000000000389e-03
3.071300000000000000e+04 7.700000000000000247e-03
3.072700000000000000e+04 8.325000000000000802e-03
3.074100000000000000e+04 9.005000000000000851e-03
3.075400000000000000e+04 9.745000000000000190e-03
3.076800000000000000e+04 1.055000000000000035e-02
3.078100000000000000e+04 1.142999999999999919e-02
3.079500000000000000e+04 1.238999999999999997e-02
3.080800000000000000e+04 1.344000000000000056e-02
3.082200000000000000e+04 1.457999999999999921e-02
3.083500000000000000e+04 1.582000000000000073e-02
3.084900000000000000e+04 1.717000000000000123e-02
3.086200000000000000e+04 1.865999999999999950e-02
3.087600000000000000e+04 2.027999999999999942e-02
3.088900000000000000e+04 2.204000000000000056e-02
3.090300000000000000e+04 2.397000000000000172e-02
3.091600000000000000e+04 2.606999999999999942e-02
3.093000000000000000e+04 2.836999999999999938e-02
3.094300000000000000e+04 3.088000000000000120e-02
3.095700000000000000e+04 3.363000000000000017e-02
3.097000000000000000e+04 3.663000000000000284e-02
3.098400000000000000e+04 3.991000000000000103e-02
3.099700000000000000e+04 4.349000000000000088e-02
3.101100000000000000e+04 4.742999999999999994e-02
3.102400000000000000e+04 5.172000000000000208e-02
3.103800000000000000e+04 5.641000000000000181e-02
3.105100000000000000e+04 6.155999999999999667e-02
3.106500000000000000e+04 6.718000000000000360e-02
3.107800000000000000e+04 7.331999999999999629e-02
3.109200000000000000e+04 8.006000000000000616e-02
3.110500000000000000e+04 8.738999999999999546e-02
3.111900000000000000e+04 9.539999999999999869e-02
3.113200000000000000e+04 1.042000000000000010e-01
3.114600000000000000e+04 1.136999999999999955e-01
3.115900000000000000e+04 1.241000000000000020e-01
3.117300000000000000e+04 1.353999999999999926e-01
3.118600000000000000e+04 1.476999999999999980e-01
3.120000000000000000e+04 1.610000000000000042e-01
3.121300000000000000e+04 1.754000000000000004e-01
3.122700000000000000e+04 1.908999999999999864e-01
3.124000000000000000e+04 2.076000000000000068e-01
3.125400000000000000e+04 2.255000000000000060e-01
3.126700000000000000e+04 2.447000000000000008e-01
3.128100000000000000e+04 2.651000000000000023e-01
3.129500000000000000e+04 2.866000000000000214e-01
3.130800000000000000e+04 3.094000000000000083e-01
3.132200000000000000e+04 3.332999999999999852e-01
3.133500000000000000e+04 3.582000000000000184e-01
3.134900000000000000e+04 3.839000000000000190e-01
3.136200000000000000e+04 4.106000000000000205e-01
3.137600000000000000e+04 4.376999999999999780e-01
3.138900000000000000e+04 4.652999999999999914e-01
3.140300000000000000e+04 4.930999999999999828e-01
3.141600000000000000e+04 5.208000000000000407e-01
3.143000000000000000e+04 5.482000000000000206e-01
3.144300000000000000e+04 5.752000000000000446e-01
3.145700000000000000e+04 6.014000000000000457e-01
3.147000000000000000e+04 6.267000000000000348e-01
3.148400000000000000e+04 6.508000000000000451e-01
3.149700000000000000e+04 6.736999999999999655e-01
3.151100000000000000e+04 6.952000000000000401e-01
3.152400000000000000e+04 7.150999999999999579e-01
3.153800000000000000e+04 7.335000000000000409e-01
3.155100000000000000e+04 7.502999999999999670e-01
3.156500000000000000e+04 7.654999999999999583e-01
3.157800000000000000e+04 7.792000000000000037e-01
3.159200000000000000e+04 7.913999999999999924e-01
3.160500000000000000e+04 8.021000000000000352e-01
3.161900000000000000e+04 8.114999999999999991e-01
3.163200000000000000e+04 8.196999999999999842e-01
3.164600000000000000e+04 8.266999999999999904e-01
3.165900000000000000e+04 8.327999999999999847e-01
3.167300000000000000e+04 8.378999999999999782e-01
3.168600000000000000e+04 8.423000000000000487e-01
3.170000000000000000e+04 8.459999999999999742e-01
3.171300000000000000e+04 8.489999999999999769e-01
3.172700000000000000e+04 8.515000000000000346e-01
3.174000000000000000e+04 8.536000000000000254e-01
3.175400000000000000e+04 8.552999999999999492e-01
3.176700000000000000e+04 8.567000000000000171e-01
3.178100000000000000e+04 8.578000000000000069e-01
3.179400000000000000e+04 8.588000000000000078e-01
3.180800000000000000e+04 8.595000000000000417e-01
3.182200000000000000e+04 8.600999999999999757e-01
3.183500000000000000e+04 8.607000000000000206e-01
3.184900000000000000e+04 8.610999999999999766e-01
3.186200000000000000e+04 8.614000000000000545e-01
3.187600000000000000e+04 8.617000000000000215e-01
3.188900000000000000e+04 8.619999999999999885e-01
3.190300000000000000e+04 8.620999999999999774e-01
3.191600000000000000e+04 8.622999999999999554e-01
3.193000000000000000e+04 8.625000000000000444e-01
3.194300000000000000e+04 8.626000000000000334e-01
3.195700000000000000e+04 8.627000000000000224e-01
3.197000000000000000e+04 8.628000000000000114e-01
3.198400000000000000e+04 8.629999999999999893e-01
3.199700000000000000e+04 8.630999999999999783e-01
3.201100000000000000e+04 8.630999999999999783e-01
3.202400000000000000e+04 8.631999999999999673e-01
3.203800000000000000e+04 8.632999999999999563e-01
3.205100000000000000e+04 8.633999999999999453e-01
3.206500000000000000e+04 8.635000000000000453e-01
3.207800000000000000e+04 8.635000000000000453e-01
3.209200000000000000e+04 8.635000000000000453e-01
3.210500000000000000e+04 8.635000000000000453e-01
3.211900000000000000e+04 8.636000000000000343e-01
3.213200000000000000e+04 8.636000000000000343e-01
3.214600000000000000e+04 8.636000000000000343e-01
3.215900000000000000e+04 8.637000000000000233e-01
3.217300000000000000e+04 8.637000000000000233e-01
3.218600000000000000e+04 8.638000000000000123e-01
3.220000000000000000e+04 8.639000000000000012e-01
3.221300000000000000e+04 8.639999999999999902e-01
3.222700000000000000e+04 8.640999999999999792e-01
3.224000000000000000e+04 8.641999999999999682e-01
3.225400000000000000e+04 8.643999999999999462e-01
3.226700000000000000e+04 8.646000000000000352e-01
3.228100000000000000e+04 8.648000000000000131e-01
3.229400000000000000e+04 8.649999999999999911e-01
3.230800000000000000e+04 8.651999999999999691e-01
3.232100000000000000e+04 8.653999999999999471e-01
3.233500000000000000e+04 8.657000000000000250e-01
3.234800000000000000e+04 8.659999999999999920e-01
3.236200000000000000e+04 8.662999999999999590e-01
3.237600000000000000e+04 8.666000000000000369e-01
3.238900000000000000e+04 8.669999999999999929e-01
3.240300000000000000e+04 8.672999999999999599e-01
3.241600000000000000e+04 8.678000000000000158e-01
3.243000000000000000e+04 8.681999999999999718e-01
3.244300000000000000e+04 8.686000000000000387e-01
3.245700000000000000e+04 8.689999999999999947e-01
3.247000000000000000e+04 8.693999999999999506e-01
3.248400000000000000e+04 8.698000000000000176e-01
3.249700000000000000e+04 8.702999999999999625e-01
3.251100000000000000e+04 8.706000000000000405e-01
3.252400000000000000e+04 8.709999999999999964e-01
3.253800000000000000e+04 8.715000000000000524e-01
3.255100000000000000e+04 8.718000000000000194e-01
3.256500000000000000e+04 8.721999999999999753e-01
3.257800000000000000e+04 8.727000000000000313e-01
3.259200000000000000e+04 8.729999999999999982e-01
3.260500000000000000e+04 8.735000000000000542e-01
3.261900000000000000e+04 8.739000000000000101e-01
3.263200000000000000e+04 8.741999999999999771e-01
3.264600000000000000e+04 8.746000000000000441e-01
3.265900000000000000e+04 8.750000000000000000e-01
3.267300000000000000e+04 8.751999999999999780e-01
3.268600000000000000e+04 8.756000000000000449e-01
3.270000000000000000e+04 8.759000000000000119e-01
3.271300000000000000e+04 8.760999999999999899e-01
3.272700000000000000e+04 8.764999999999999458e-01
3.274000000000000000e+04 8.767000000000000348e-01
3.275400000000000000e+04 8.770999999999999908e-01
3.276700000000000000e+04 8.773999999999999577e-01
3.278100000000000000e+04 8.776000000000000467e-01
3.279400000000000000e+04 8.780000000000000027e-01
3.280800000000000000e+04 8.782999999999999696e-01
3.282100000000000000e+04 8.786000000000000476e-01
3.283500000000000000e+04 8.789000000000000146e-01
3.284800000000000000e+04 8.791999999999999815e-01
3.286200000000000000e+04 8.794999999999999485e-01
3.287500000000000000e+04 8.799000000000000155e-01
3.288900000000000000e+04 8.801999999999999824e-01
3.290200000000000000e+04 8.806000000000000494e-01
3.291600000000000000e+04 8.810000000000000053e-01
3.293000000000000000e+04 8.813999999999999613e-01
3.294300000000000000e+04 8.818000000000000282e-01
3.295700000000000000e+04 8.821999999999999842e-01
3.297000000000000000e+04 8.827000000000000401e-01
3.298400000000000000e+04 8.830999999999999961e-01
3.299700000000000000e+04 8.836000000000000520e-01
3.301100000000000000e+04 8.840999999999999970e-01
3.302400000000000000e+04 8.844999999999999529e-01
3.303800000000000000e+04 8.850000000000000089e-01
3.305100000000000000e+04 8.854999999999999538e-01
3.306500000000000000e+04 8.860000000000000098e-01
3.307800000000000000e+04 8.864999999999999547e-01
3.309200000000000000e+04 8.870999999999999996e-01
3.310500000000000000e+04 8.877000000000000446e-01
3.311900000000000000e+04 8.881999999999999895e-01
3.313200000000000000e+04 8.889000000000000234e-01
3.314600000000000000e+04 8.894999999999999574e-01
3.315900000000000000e+04 8.901000000000000023e-01
3.317300000000000000e+04 8.908000000000000362e-01
3.318600000000000000e+04 8.913999999999999702e-01
3.320000000000000000e+04 8.919000000000000261e-01
3.321300000000000000e+04 8.927000000000000490e-01
3.322700000000000000e+04 8.931999999999999940e-01
3.324000000000000000e+04 8.939000000000000279e-01
3.325400000000000000e+04 8.943999999999999728e-01
3.326700000000000000e+04 8.949000000000000288e-01
3.328100000000000000e+04 8.957000000000000517e-01
3.329400000000000000e+04 8.961000000000000076e-01
3.330800000000000000e+04 8.965999999999999526e-01
3.332100000000000000e+04 8.973999999999999755e-01
3.333500000000000000e+04 8.978000000000000425e-01
3.334800000000000000e+04 8.982999999999999874e-01
3.336200000000000000e+04 8.990000000000000213e-01
3.337500000000000000e+04 8.994999999999999662e-01
3.338900000000000000e+04 8.999000000000000332e-01
3.340200000000000000e+04 9.005999999999999561e-01
3.341600000000000000e+04 9.010000000000000231e-01
3.342900000000000000e+04 9.013999999999999790e-01
3.344300000000000000e+04 9.021000000000000130e-01
3.345600000000000000e+04 9.023999999999999799e-01
3.347000000000000000e+04 9.031000000000000139e-01
3.348400000000000000e+04 9.033999999999999808e-01
3.349700000000000000e+04 9.036999999999999478e-01
3.351100000000000000e+04 9.043999999999999817e-01
3.352400000000000000e+04 9.046999999999999487e-01
3.353800000000000000e+04 9.050000000000000266e-01
3.355100000000000000e+04 9.055999999999999606e-01
3.356500000000000000e+04 9.059000000000000385e-01
3.357800000000000000e+04 9.062000000000000055e-01
3.359200000000000000e+04 9.068000000000000504e-01
3.360500000000000000e+04 9.071000000000000174e-01
3.361900000000000000e+04 9.073999999999999844e-01
3.363200000000000000e+04 9.080000000000000293e-01
3.364600000000000000e+04 9.082999999999999963e-01
3.365900000000000000e+04 9.085999999999999632e-01
3.367300000000000000e+04 9.091000000000000192e-01
3.368600000000000000e+04 9.093999999999999861e-01
3.370000000000000000e+04 9.096999999999999531e-01
3.371300000000000000e+04 9.102999999999999980e-01
3.372700000000000000e+04 9.105999999999999650e-01
3.374000000000000000e+04 9.111000000000000210e-01
3.375400000000000000e+04 9.114999999999999769e-01
3.376700000000000000e+04 9.118000000000000549e-01
3.378100000000000000e+04 9.123999999999999888e-01
3.379400000000000000e+04 9.126999999999999558e-01
3.380800000000000000e+04 9.131000000000000227e-01
3.382100000000000000e+04 9.135999999999999677e-01
3.383500000000000000e+04 9.140000000000000346e-01
3.384800000000000000e+04 9.143999999999999906e-01
3.386200000000000000e+04 9.149000000000000465e-01
3.387500000000000000e+04 9.153000000000000025e-01
3.388900000000000000e+04 9.156999999999999584e-01
3.390200000000000000e+04 9.162000000000000144e-01
3.391600000000000000e+04 9.165999999999999703e-01
3.392900000000000000e+04 9.170000000000000373e-01
3.394300000000000000e+04 9.173999999999999932e-01
3.395600000000000000e+04 9.177999999999999492e-01
3.397000000000000000e+04 9.181000000000000272e-01
3.398300000000000000e+04 9.184999999999999831e-01
3.399700000000000000e+04 9.187999999999999501e-01
3.401000000000000000e+04 9.191000000000000281e-01
3.402400000000000000e+04 9.193999999999999950e-01
3.403800000000000000e+04 9.195999999999999730e-01
3.405100000000000000e+04 9.199000000000000510e-01
3.406500000000000000e+04 9.202000000000000179e-01
3.407800000000000000e+04 9.203999999999999959e-01
3.409200000000000000e+04 9.206999999999999629e-01
3.410500000000000000e+04 9.209000000000000519e-01
3.411900000000000000e+04 9.211000000000000298e-01
3.413200000000000000e+04 9.213000000000000078e-01
3.414600000000000000e+04 9.214999999999999858e-01
3.415900000000000000e+04 9.216999999999999638e-01
3.417300000000000000e+04 9.219000000000000528e-01
3.418600000000000000e+04 9.220000000000000417e-01
3.420000000000000000e+04 9.221000000000000307e-01
3.421300000000000000e+04 9.223000000000000087e-01
3.422700000000000000e+04 9.223999999999999977e-01
3.424000000000000000e+04 9.224999999999999867e-01
3.425400000000000000e+04 9.225999999999999757e-01
3.426700000000000000e+04 9.226999999999999647e-01
3.428100000000000000e+04 9.227999999999999536e-01
3.429400000000000000e+04 9.229000000000000536e-01
3.430800000000000000e+04 9.230000000000000426e-01
3.432100000000000000e+04 9.232000000000000206e-01
3.433500000000000000e+04 9.232000000000000206e-01
3.434800000000000000e+04 9.233000000000000096e-01
3.436200000000000000e+04 9.233000000000000096e-01
3.437500000000000000e+04 9.233000000000000096e-01
3.438900000000000000e+04 9.233000000000000096e-01
3.440200000000000000e+04 9.233999999999999986e-01
3.441600000000000000e+04 9.233999999999999986e-01
3.442900000000000000e+04 9.233000000000000096e-01
3.444300000000000000e+04 9.233999999999999986e-01
3.445600000000000000e+04 9.233999999999999986e-01
3.447000000000000000e+04 9.233999999999999986e-01
3.448300000000000000e+04 9.234999999999999876e-01
3.449700000000000000e+04 9.234999999999999876e-01
3.451000000000000000e+04 9.235999999999999766e-01
3.452400000000000000e+04 9.236999999999999655e-01
3.453700000000000000e+04 9.236999999999999655e-01
3.455100000000000000e+04 9.237999999999999545e-01
3.456500000000000000e+04 9.239000000000000545e-01
3.457800000000000000e+04 9.240000000000000435e-01
3.459200000000000000e+04 9.241000000000000325e-01
3.460500000000000000e+04 9.242000000000000215e-01
3.461900000000000000e+04 9.243000000000000105e-01
3.463200000000000000e+04 9.244999999999999885e-01
3.464600000000000000e+04 9.244999999999999885e-01
3.465900000000000000e+04 9.245999999999999774e-01
3.467300000000000000e+04 9.247999999999999554e-01
3.468600000000000000e+04 9.249000000000000554e-01
3.470000000000000000e+04 9.250000000000000444e-01
3.471300000000000000e+04 9.252000000000000224e-01
3.472700000000000000e+04 9.254000000000000004e-01
3.474000000000000000e+04 9.255999999999999783e-01
3.475400000000000000e+04 9.256999999999999673e-01
3.476700000000000000e+04 9.257999999999999563e-01
3.478100000000000000e+04 9.261000000000000343e-01
3.479400000000000000e+04 9.262000000000000233e-01
3.480800000000000000e+04 9.263000000000000123e-01
3.482100000000000000e+04 9.265999999999999792e-01
3.483500000000000000e+04 9.266999999999999682e-01
3.484800000000000000e+04 9.267999999999999572e-01
3.486200000000000000e+04 9.270000000000000462e-01
3.487500000000000000e+04 9.271000000000000352e-01
3.488900000000000000e+04 9.272000000000000242e-01
3.490200000000000000e+04 9.274000000000000021e-01
3.491600000000000000e+04 9.274999999999999911e-01
3.492900000000000000e+04 9.274999999999999911e-01
3.494300000000000000e+04 9.276999999999999691e-01
3.495600000000000000e+04 9.276999999999999691e-01
3.497000000000000000e+04 9.277999999999999581e-01
3.498300000000000000e+04 9.278999999999999471e-01
3.499700000000000000e+04 9.278999999999999471e-01
3.501000000000000000e+04 9.280000000000000471e-01
3.502400000000000000e+04 9.280000000000000471e-01
3.503700000000000000e+04 9.280000000000000471e-01
3.505100000000000000e+04 9.281000000000000361e-01
3.506400000000000000e+04 9.281000000000000361e-01
3.507800000000000000e+04 9.281000000000000361e-01
3.509100000000000000e+04 9.282000000000000250e-01
3.510500000000000000e+04 9.282000000000000250e-01
3.511900000000000000e+04 9.282000000000000250e-01
3.513200000000000000e+04 9.282000000000000250e-01
3.514600000000000000e+04 9.282000000000000250e-01
3.515900000000000000e+04 9.281000000000000361e-01
3.517300000000000000e+04 9.281000000000000361e-01
3.518600000000000000e+04 9.281000000000000361e-01
3.520000000000000000e+04 9.280000000000000471e-01
3.521300000000000000e+04 9.278999999999999471e-01
3.522700000000000000e+04 9.277999999999999581e-01
3.524000000000000000e+04 9.275999999999999801e-01
3.525400000000000000e+04 9.274999999999999911e-01
3.526700000000000000e+04 9.274000000000000021e-01
3.528100000000000000e+04 9.273000000000000131e-01
3.529400000000000000e+04 9.271000000000000352e-01
3.530800000000000000e+04 9.270000000000000462e-01
3.532100000000000000e+04 9.268999999999999462e-01
3.533500000000000000e+04 9.267999999999999572e-01
3.534800000000000000e+04 9.266999999999999682e-01
3.536200000000000000e+04 9.265999999999999792e-01
3.537500000000000000e+04 9.264999999999999902e-01
3.538900000000000000e+04 9.264000000000000012e-01
3.540200000000000000e+04 9.263000000000000123e-01
3.541600000000000000e+04 9.262000000000000233e-01
3.542900000000000000e+04 9.261000000000000343e-01
3.544300000000000000e+04 9.260000000000000453e-01
3.545600000000000000e+04 9.260000000000000453e-01
3.547000000000000000e+04 9.258999999999999453e-01
3.548300000000000000e+04 9.258999999999999453e-01
3.549700000000000000e+04 9.257999999999999563e-01
3.551000000000000000e+04 9.257999999999999563e-01
3.552400000000000000e+04 9.257999999999999563e-01
3.553700000000000000e+04 9.257999999999999563e-01
3.555100000000000000e+04 9.256999999999999673e-01
3.556400000000000000e+04 9.256999999999999673e-01
3.557800000000000000e+04 9.257999999999999563e-01
3.559100000000000000e+04 9.256999999999999673e-01
3.560500000000000000e+04 9.257999999999999563e-01
3.561800000000000000e+04 9.257999999999999563e-01
3.563200000000000000e+04 9.257999999999999563e-01
3.564500000000000000e+04 9.258999999999999453e-01
3.565900000000000000e+04 9.260000000000000453e-01
3.567300000000000000e+04 9.260000000000000453e-01
3.568600000000000000e+04 9.261000000000000343e-01
3.570000000000000000e+04 9.262000000000000233e-01
3.571300000000000000e+04 9.262000000000000233e-01
3.572700000000000000e+04 9.263000000000000123e-01
3.574000000000000000e+04 9.264000000000000012e-01
3.575400000000000000e+04 9.264999999999999902e-01
3.576700000000000000e+04 9.265999999999999792e-01
3.578100000000000000e+04 9.266999999999999682e-01
3.579400000000000000e+04 9.267999999999999572e-01
3.580800000000000000e+04 9.270000000000000462e-01
3.582100000000000000e+04 9.271000000000000352e-01
3.583500000000000000e+04 9.272000000000000242e-01
3.584800000000000000e+04 9.273000000000000131e-01
3.586200000000000000e+04 9.274000000000000021e-01
3.587500000000000000e+04 9.274999999999999911e-01
3.588900000000000000e+04 9.275999999999999801e-01
3.590200000000000000e+04 9.276999999999999691e-01
3.591600000000000000e+04 9.277999999999999581e-01
3.592900000000000000e+04 9.278999999999999471e-01
3.594300000000000000e+04 9.281000000000000361e-01
3.595600000000000000e+04 9.282000000000000250e-01
3.597000000000000000e+04 9.283000000000000140e-01
3.598300000000000000e+04 9.284000000000000030e-01
3.599700000000000000e+04 9.284999999999999920e-01
3.601000000000000000e+04 9.285999999999999810e-01
3.602400000000000000e+04 9.286999999999999700e-01
3.603700000000000000e+04 9.287999999999999590e-01
3.605100000000000000e+04 9.290000000000000480e-01
3.606400000000000000e+04 9.290000000000000480e-01
3.607800000000000000e+04 9.291000000000000369e-01
3.609100000000000000e+04 9.293000000000000149e-01
3.610500000000000000e+04 9.294000000000000039e-01
3.611800000000000000e+04 9.294000000000000039e-01
3.613200000000000000e+04 9.295999999999999819e-01
3.614500000000000000e+04 9.296999999999999709e-01
3.615900000000000000e+04 9.296999999999999709e-01
3.617200000000000000e+04 9.298999999999999488e-01
3.618600000000000000e+04 9.300000000000000488e-01
3.619900000000000000e+04 9.300000000000000488e-01
3.621300000000000000e+04 9.302000000000000268e-01
3.622700000000000000e+04 9.302000000000000268e-01
3.624000000000000000e+04 9.304000000000000048e-01
3.625400000000000000e+04 9.304999999999999938e-01
3.626700000000000000e+04 9.305999999999999828e-01
3.628100000000000000e+04 9.306999999999999718e-01
3.629400000000000000e+04 9.307999999999999607e-01
3.630800000000000000e+04 9.308999999999999497e-01
3.632100000000000000e+04 9.310000000000000497e-01
3.633500000000000000e+04 9.311000000000000387e-01
3.634800000000000000e+04 9.312000000000000277e-01
3.636200000000000000e+04 9.314000000000000057e-01
3.637500000000000000e+04 9.314000000000000057e-01
3.638900000000000000e+04 9.315999999999999837e-01
3.640200000000000000e+04 9.316999999999999726e-01
3.641600000000000000e+04 9.317999999999999616e-01
3.642900000000000000e+04 9.318999999999999506e-01
3.644300000000000000e+04 9.321000000000000396e-01
3.645600000000000000e+04 9.322000000000000286e-01
3.647000000000000000e+04 9.323000000000000176e-01
3.648300000000000000e+04 9.324000000000000066e-01
3.649700000000000000e+04 9.324999999999999956e-01
3.651000000000000000e+04 9.325999999999999845e-01
3.652400000000000000e+04 9.327999999999999625e-01
3.653700000000000000e+04 9.328999999999999515e-01
3.655100000000000000e+04 9.330000000000000515e-01
3.656400000000000000e+04 9.331000000000000405e-01
3.657800000000000000e+04 9.332000000000000295e-01
3.659100000000000000e+04 9.333000000000000185e-01
3.660500000000000000e+04 9.334000000000000075e-01
3.661800000000000000e+04 9.334999999999999964e-01
3.663200000000000000e+04 9.335999999999999854e-01
3.664500000000000000e+04 9.336999999999999744e-01
3.665900000000000000e+04 9.337999999999999634e-01
3.667200000000000000e+04 9.338999999999999524e-01
3.668600000000000000e+04 9.340000000000000524e-01
3.669900000000000000e+04 9.341000000000000414e-01
3.671300000000000000e+04 9.342000000000000304e-01
3.672600000000000000e+04 9.342000000000000304e-01
3.674000000000000000e+04 9.343000000000000194e-01
3.675300000000000000e+04 9.344000000000000083e-01
3.676700000000000000e+04 9.344000000000000083e-01
3.678100000000000000e+04 9.344999999999999973e-01
3.679400000000000000e+04 9.344999999999999973e-01
3.680800000000000000e+04 9.345999999999999863e-01
3.682100000000000000e+04 9.345999999999999863e-01
3.683500000000000000e+04 9.346999999999999753e-01
3.684800000000000000e+04 9.346999999999999753e-01
3.686200000000000000e+04 9.346999999999999753e-01
3.687500000000000000e+04 9.347999999999999643e-01
3.688900000000000000e+04 9.347999999999999643e-01
3.690200000000000000e+04 9.347999999999999643e-01
3.691600000000000000e+04 9.348999999999999533e-01
3.692900000000000000e+04 9.348999999999999533e-01
3.694300000000000000e+04 9.348999999999999533e-01
3.695600000000000000e+04 9.350000000000000533e-01
3.697000000000000000e+04 9.350000000000000533e-01
3.698300000000000000e+04 9.350000000000000533e-01
3.699700000000000000e+04 9.351000000000000423e-01
3.701000000000000000e+04 9.351000000000000423e-01
3.702400000000000000e+04 9.351000000000000423e-01
3.703700000000000000e+04 9.351000000000000423e-01
3.705100000000000000e+04 9.351000000000000423e-01
3.706400000000000000e+04 9.352000000000000313e-01
3.707800000000000000e+04 9.352000000000000313e-01
3.709100000000000000e+04 9.352000000000000313e-01
3.710500000000000000e+04 9.353000000000000203e-01
3.711800000000000000e+04 9.353000000000000203e-01
3.713200000000000000e+04 9.354000000000000092e-01
3.714500000000000000e+04 9.354000000000000092e-01
3.715900000000000000e+04 9.354999999999999982e-01
3.717200000000000000e+04 9.354999999999999982e-01
3.718600000000000000e+04 9.355999999999999872e-01
3.719900000000000000e+04 9.355999999999999872e-01
3.721300000000000000e+04 9.356999999999999762e-01
3.722600000000000000e+04 9.356999999999999762e-01
3.724000000000000000e+04 9.357999999999999652e-01
3.725300000000000000e+04 9.357999999999999652e-01
3.726700000000000000e+04 9.358999999999999542e-01
3.728000000000000000e+04 9.360000000000000542e-01
3.729400000000000000e+04 9.360000000000000542e-01
3.730800000000000000e+04 9.361000000000000432e-01
3.732100000000000000e+04 9.361000000000000432e-01
3.733500000000000000e+04 9.362000000000000322e-01
3.734800000000000000e+04 9.362000000000000322e-01
3.736200000000000000e+04 9.363000000000000211e-01
3.737500000000000000e+04 9.363000000000000211e-01
3.738900000000000000e+04 9.363000000000000211e-01
3.740200000000000000e+04 9.364000000000000101e-01
3.741600000000000000e+04 9.364000000000000101e-01
3.742900000000000000e+04 9.364000000000000101e-01
3.744300000000000000e+04 9.364000000000000101e-01
3.745600000000000000e+04 9.364000000000000101e-01
3.747000000000000000e+04 9.363000000000000211e-01
3.748300000000000000e+04 9.363000000000000211e-01
3.749700000000000000e+04 9.362000000000000322e-01
3.751000000000000000e+04 9.362000000000000322e-01
3.752400000000000000e+04 9.361000000000000432e-01
3.753700000000000000e+04 9.360000000000000542e-01
3.755100000000000000e+04 9.358999999999999542e-01
3.756400000000000000e+04 9.357999999999999652e-01
3.757800000000000000e+04 9.355999999999999872e-01
3.759100000000000000e+04 9.354999999999999982e-01
3.760500000000000000e+04 9.353000000000000203e-01
3.761800000000000000e+04 9.351000000000000423e-01
3.763200000000000000e+04 9.348999999999999533e-01
3.764500000000000000e+04 9.346999999999999753e-01
3.765900000000000000e+04 9.344000000000000083e-01
3.767200000000000000e+04 9.342000000000000304e-01
3.768600000000000000e+04 9.338999999999999524e-01
3.769900000000000000e+04 9.336999999999999744e-01
3.771300000000000000e+04 9.334000000000000075e-01
3.772600000000000000e+04 9.331000000000000405e-01
3.774000000000000000e+04 9.327999999999999625e-01
3.775300000000000000e+04 9.324999999999999956e-01
3.776700000000000000e+04 9.321000000000000396e-01
3.778000000000000000e+04 9.317999999999999616e-01
3.779400000000000000e+04 9.314000000000000057e-01
3.780700000000000000e+04 9.311000000000000387e-01
3.782100000000000000e+04 9.306999999999999718e-01
3.783400000000000000e+04 9.303000000000000158e-01
3.784800000000000000e+04 9.300000000000000488e-01
3.786200000000000000e+04 9.295999999999999819e-01
3.787500000000000000e+04 9.293000000000000149e-01
3.788900000000000000e+04 9.288999999999999480e-01
3.790200000000000000e+04 9.285999999999999810e-01
3.791600000000000000e+04 9.282000000000000250e-01
3.792900000000000000e+04 9.278999999999999471e-01
3.794300000000000000e+04 9.275999999999999801e-01
3.795600000000000000e+04 9.273000000000000131e-01
3.797000000000000000e+04 9.270000000000000462e-01
3.798300000000000000e+04 9.266999999999999682e-01
3.799700000000000000e+04 9.264000000000000012e-01
3.801000000000000000e+04 9.262000000000000233e-01
3.802400000000000000e+04 9.260000000000000453e-01
3.803700000000000000e+04 9.257999999999999563e-01
3.805100000000000000e+04 9.255999999999999783e-01
3.806400000000000000e+04 9.254000000000000004e-01
3.807800000000000000e+04 9.253000000000000114e-01
3.809100000000000000e+04 9.251000000000000334e-01
3.810500000000000000e+04 9.251000000000000334e-01
3.811800000000000000e+04 9.251000000000000334e-01
3.813200000000000000e+04 9.250000000000000444e-01
3.814500000000000000e+04 9.250000000000000444e-01
3.815900000000000000e+04 9.251000000000000334e-01
3.817200000000000000e+04 9.251000000000000334e-01
3.818600000000000000e+04 9.252000000000000224e-01
3.819900000000000000e+04 9.253000000000000114e-01
3.821300000000000000e+04 9.253000000000000114e-01
3.822600000000000000e+04 9.254999999999999893e-01
3.824000000000000000e+04 9.255999999999999783e-01
3.825300000000000000e+04 9.256999999999999673e-01
3.826700000000000000e+04 9.260000000000000453e-01
3.828000000000000000e+04 9.261000000000000343e-01
3.829400000000000000e+04 9.264000000000000012e-01
3.830700000000000000e+04 9.265999999999999792e-01
3.832100000000000000e+04 9.267999999999999572e-01
3.833400000000000000e+04 9.270000000000000462e-01
3.834800000000000000e+04 9.273000000000000131e-01
3.836100000000000000e+04 9.274000000000000021e-01
3.837500000000000000e+04 9.275999999999999801e-01
3.838800000000000000e+04 9.278999999999999471e-01
3.840200000000000000e+04 9.280000000000000471e-01
3.841600000000000000e+04 9.282000000000000250e-01
3.842900000000000000e+04 9.284000000000000030e-01
3.844300000000000000e+04 9.284000000000000030e-01
3.845600000000000000e+04 9.285999999999999810e-01
3.847000000000000000e+04 9.286999999999999700e-01
3.848300000000000000e+04 9.285999999999999810e-01
3.849700000000000000e+04 9.286999999999999700e-01
3.851000000000000000e+04 9.284999999999999920e-01
3.852400000000000000e+04 9.284000000000000030e-01
3.853700000000000000e+04 9.283000000000000140e-01
3.855100000000000000e+04 9.280000000000000471e-01
3.856400000000000000e+04 9.277999999999999581e-01
3.857800000000000000e+04 9.274999999999999911e-01
3.859100000000000000e+04 9.271000000000000352e-01
3.860500000000000000e+04 9.266999999999999682e-01
3.861800000000000000e+04 9.262000000000000233e-01
3.863200000000000000e+04 9.255999999999999783e-01
3.864500000000000000e+04 9.250000000000000444e-01
3.865900000000000000e+04 9.243000000000000105e-01
3.867200000000000000e+04 9.233999999999999986e-01
3.868600000000000000e+04 9.225999999999999757e-01
3.869900000000000000e+04 9.216999999999999638e-01
3.871300000000000000e+04 9.205999999999999739e-01
3.872600000000000000e+04 9.195999999999999730e-01
3.874000000000000000e+04 9.185999999999999721e-01
3.875300000000000000e+04 9.173000000000000043e-01
3.876700000000000000e+04 9.161000000000000254e-01
3.878000000000000000e+04 9.147999999999999465e-01
3.879400000000000000e+04 9.133999999999999897e-01
3.880700000000000000e+04 9.120000000000000329e-01
3.882100000000000000e+04 9.104999999999999760e-01
3.883400000000000000e+04 9.090000000000000302e-01
3.884800000000000000e+04 9.074999999999999734e-01
3.886100000000000000e+04 9.059000000000000385e-01
3.887500000000000000e+04 9.042999999999999927e-01
3.888800000000000000e+04 9.025999999999999579e-01
3.890200000000000000e+04 9.009000000000000341e-01
3.891500000000000000e+04 8.991999999999999993e-01
3.892900000000000000e+04 8.974999999999999645e-01
3.894200000000000000e+04 8.957000000000000517e-01
3.895600000000000000e+04 8.940000000000000169e-01
3.897000000000000000e+04 8.921999999999999931e-01
3.898300000000000000e+04 8.902999999999999803e-01
3.899700000000000000e+04 8.884999999999999565e-01
3.901000000000000000e+04 8.866000000000000547e-01
3.902400000000000000e+04 8.848000000000000309e-01
3.903700000000000000e+04 8.830000000000000071e-01
3.905100000000000000e+04 8.810999999999999943e-01
3.906400000000000000e+04 8.791999999999999815e-01
3.907800000000000000e+04 8.772999999999999687e-01
3.909100000000000000e+04 8.752999999999999670e-01
3.910500000000000000e+04 8.732999999999999652e-01
3.911800000000000000e+04 8.711999999999999744e-01
3.913200000000000000e+04 8.690999999999999837e-01
3.914500000000000000e+04 8.669999999999999929e-01
3.915900000000000000e+04 8.647000000000000242e-01
3.917200000000000000e+04 8.624000000000000554e-01
3.918600000000000000e+04 8.599999999999999867e-01
3.919900000000000000e+04 8.574000000000000510e-01
3.921300000000000000e+04 8.547000000000000153e-01
3.922600000000000000e+04 8.518999999999999906e-01
3.924000000000000000e+04 8.488999999999999879e-01
3.925300000000000000e+04 8.456000000000000183e-01
3.926700000000000000e+04 8.421999999999999487e-01
3.928000000000000000e+04 8.385000000000000231e-01
3.929400000000000000e+04 8.344000000000000306e-01
3.930700000000000000e+04 8.300999999999999490e-01
3.932100000000000000e+04 8.254000000000000226e-01
3.933400000000000000e+04 8.204000000000000181e-01
3.934800000000000000e+04 8.148999999999999577e-01
3.936100000000000000e+04 8.091000000000000414e-01
3.937500000000000000e+04 8.026999999999999691e-01
3.938800000000000000e+04 7.959000000000000519e-01
3.940200000000000000e+04 7.884999999999999787e-01
3.941500000000000000e+04 7.805999999999999606e-01
3.942900000000000000e+04 7.721000000000000085e-01
3.944200000000000000e+04 7.631000000000000005e-01
3.945600000000000000e+04 7.533999999999999586e-01
3.946900000000000000e+04 7.430999999999999828e-01
3.948300000000000000e+04 7.321999999999999620e-01
3.949600000000000000e+04 7.207000000000000073e-01
3.951000000000000000e+04 7.085000000000000187e-01
3.952400000000000000e+04 6.956999999999999851e-01
3.953700000000000000e+04 6.823000000000000176e-01
3.955100000000000000e+04 6.683999999999999941e-01
3.956400000000000000e+04 6.538000000000000478e-01
3.957800000000000000e+04 6.388000000000000345e-01
3.959100000000000000e+04 6.231999999999999762e-01
3.960500000000000000e+04 6.071999999999999620e-01
3.961800000000000000e+04 5.907999999999999918e-01
3.963200000000000000e+04 5.741000000000000547e-01
3.964500000000000000e+04 5.570000000000000506e-01
3.965900000000000000e+04 5.396999999999999575e-01
3.967200000000000000e+04 5.222999999999999865e-01
3.968600000000000000e+04 5.047000000000000375e-01
3.969900000000000000e+04 4.870999999999999774e-01
3.971300000000000000e+04 4.694999999999999729e-01
3.972600000000000000e+04 4.519000000000000239e-01
3.974000000000000000e+04 4.344000000000000083e-01
3.975300000000000000e+04 4.171000000000000263e-01
3.976700000000000000e+04 4.000000000000000222e-01
3.978000000000000000e+04 3.831999999999999851e-01
3.979400000000000000e+04 3.667000000000000259e-01
3.980700000000000000e+04 3.504999999999999782e-01
3.982100000000000000e+04 3.347999999999999865e-01
3.983400000000000000e+04 3.194000000000000172e-01
3.984800000000000000e+04 3.044000000000000039e-01
3.986100000000000000e+04 2.898999999999999910e-01
3.987500000000000000e+04 2.758999999999999786e-01
3.988800000000000000e+04 2.624000000000000221e-01
3.990200000000000000e+04 2.492999999999999938e-01
3.991500000000000000e+04 2.366999999999999937e-01
3.992900000000000000e+04 2.247000000000000108e-01
3.994200000000000000e+04 2.131000000000000116e-01
3.995600000000000000e+04 2.020000000000000129e-01
3.996900000000000000e+04 1.913999999999999868e-01
3.998300000000000000e+04 1.812999999999999889e-01
3.999600000000000000e+04 1.716999999999999915e-01
4.001000000000000000e+04 1.625000000000000056e-01
4.002300000000000000e+04 1.537000000000000033e-01
4.003700000000000000e+04 1.454000000000000015e-01
4.005000000000000000e+04 1.373999999999999944e-01
4.006400000000000000e+04 1.298999999999999877e-01
4.007800000000000000e+04 1.228000000000000064e-01
4.009100000000000000e+04 1.160000000000000059e-01
4.010500000000000000e+04 1.096000000000000030e-01
4.011800000000000000e+04 1.035999999999999976e-01
4.013200000000000000e+04 9.780999999999999417e-02
4.014500000000000000e+04 9.238000000000000378e-02
4.015900000000000000e+04 8.723999999999999810e-02
4.017200000000000000e+04 8.237999999999999490e-02
4.018600000000000000e+04 7.778999999999999804e-02
4.019900000000000000e+04 7.345000000000000140e-02
4.021300000000000000e+04 6.934999999999999498e-02
4.022600000000000000e+04 6.547999999999999654e-02
4.024000000000000000e+04 6.183000000000000301e-02
4.025300000000000000e+04 5.838000000000000134e-02
4.026700000000000000e+04 5.512000000000000233e-02
4.028000000000000000e+04 5.204999999999999905e-02
4.029400000000000000e+04 4.914999999999999925e-02
4.030700000000000000e+04 4.642000000000000293e-02
4.032100000000000000e+04 4.383999999999999703e-02
4.033400000000000000e+04 4.141000000000000236e-02
4.034800000000000000e+04 3.910999999999999893e-02
4.036100000000000000e+04 3.694999999999999674e-02
4.037500000000000000e+04 3.490000000000000047e-02
4.038800000000000000e+04 3.298000000000000237e-02
4.040200000000000000e+04 3.116000000000000020e-02
4.041500000000000000e+04 2.945000000000000048e-02
4.042900000000000000e+04 2.783000000000000057e-02
4.044200000000000000e+04 2.631000000000000005e-02
4.045600000000000000e+04 2.486999999999999975e-02
4.046900000000000000e+04 2.351999999999999924e-02
4.048300000000000000e+04 2.224999999999999895e-02
4.049600000000000000e+04 2.103999999999999967e-02
4.051000000000000000e+04 1.990000000000000102e-02
4.052300000000000000e+04 1.882999999999999952e-02
4.053700000000000000e+04 1.781999999999999904e-02
4.055000000000000000e+04 1.686999999999999958e-02
4.056400000000000000e+04 1.597000000000000156e-02
4.057700000000000000e+04 1.512999999999999935e-02
4.059100000000000000e+04 1.431999999999999940e-02
4.060500000000000000e+04 1.357000000000000046e-02
4.061800000000000000e+04 1.285999999999999990e-02
4.063200000000000000e+04 1.217999999999999985e-02
4.064500000000000000e+04 1.153999999999999991e-02
4.065900000000000000e+04 1.094000000000000007e-02
4.067200000000000000e+04 1.037000000000000074e-02
4.068600000000000000e+04 9.828999999999999196e-03
4.069900000000000000e+04 9.322000000000000425e-03
4.071300000000000000e+04 8.843000000000000166e-03
4.072600000000000000e+04 8.389999999999999888e-03
4.074000000000000000e+04 7.962999999999999592e-03
4.075300000000000000e+04 7.562000000000000145e-03
4.076700000000000000e+04 7.180999999999999883e-03
4.078000000000000000e+04 6.823000000000000072e-03
4.079400000000000000e+04 6.485000000000000313e-03
4.080700000000000000e+04 6.164000000000000208e-03
4.082100000000000000e+04 5.860999999999999890e-03
4.083400000000000000e+04 5.575000000000000094e-03
4.084800000000000000e+04 5.303999999999999687e-03
4.086100000000000000e+04 5.043999999999999873e-03
4.087500000000000000e+04 4.797000000000000049e-03
4.088800000000000000e+04 4.562000000000000083e-03
4.090200000000000000e+04 4.337999999999999842e-03
4.091500000000000000e+04 4.126000000000000327e-03
4.092900000000000000e+04 3.925999999999999802e-03
4.094200000000000000e+04 3.738000000000000003e-03
4.095600000000000000e+04 3.559999999999999797e-03
4.096900000000000000e+04 3.395000000000000014e-03
4.098300000000000000e+04 3.237999999999999993e-03
4.099600000000000000e+04 3.088000000000000033e-03
4.101000000000000000e+04 2.945999999999999834e-03
4.102300000000000000e+04 2.812999999999999962e-03
4.103700000000000000e+04 2.687000000000000152e-03
4.105000000000000000e+04 2.566000000000000138e-03
4.106400000000000000e+04 2.451000000000000054e-03
4.107700000000000000e+04 2.341999999999999898e-03
4.109100000000000000e+04 2.237999999999999972e-03
4.110400000000000000e+04 2.141000000000000108e-03
4.111800000000000000e+04 2.050000000000000173e-03
4.113100000000000000e+04 1.962999999999999901e-03
4.114500000000000000e+04 1.881000000000000076e-03
4.115900000000000000e+04 1.802999999999999915e-03
4.117200000000000000e+04 1.727999999999999935e-03
4.118600000000000000e+04 1.655999999999999920e-03
4.119900000000000000e+04 1.588000000000000002e-03
4.121300000000000000e+04 1.523999999999999964e-03
4.122600000000000000e+04 1.461000000000000059e-03
4.124000000000000000e+04 1.400999999999999902e-03
4.125300000000000000e+04 1.343999999999999926e-03
4.126700000000000000e+04 1.288000000000000082e-03
4.128000000000000000e+04 1.234000000000000071e-03
4.129400000000000000e+04 1.183000000000000024e-03
4.130700000000000000e+04 1.134999999999999941e-03
4.132100000000000000e+04 1.090000000000000040e-03
4.133400000000000000e+04 1.048000000000000103e-03
4.134800000000000000e+04 1.008999999999999914e-03
4.136100000000000000e+04 9.726000000000000053e-04
4.137500000000000000e+04 9.384000000000000414e-04
4.138800000000000000e+04 9.070000000000000371e-04
4.140200000000000000e+04 8.777999999999999779e-04
4.141500000000000000e+04 8.476000000000000027e-04
4.142900000000000000e+04 8.170999999999999661e-04
4.144200000000000000e+04 7.877000000000000104e-04
4.145600000000000000e+04 7.596000000000000321e-04
4.146900000000000000e+04 7.324999999999999697e-04
4.148300000000000000e+04 7.066000000000000449e-04
4.149600000000000000e+04 6.819000000000000408e-04
4.151000000000000000e+04 6.578000000000000513e-04
4.152300000000000000e+04 6.367000000000000264e-04
4.153700000000000000e+04 6.179000000000000031e-04
4.155000000000000000e+04 5.992000000000000364e-04
4.156400000000000000e+04 5.783000000000000163e-04
4.157700000000000000e+04 5.578000000000000059e-04
4.159100000000000000e+04 5.389999999999999826e-04
4.160400000000000000e+04 5.217000000000000500e-04
4.161800000000000000e+04 5.052000000000000284e-04
4.163100000000000000e+04 4.903999999999999939e-04
4.164500000000000000e+04 4.761000000000000258e-04
4.165800000000000000e+04 4.624000000000000180e-04
4.167200000000000000e+04 4.506000000000000023e-04
4.168500000000000000e+04 4.406999999999999785e-04
4.169900000000000000e+04 4.313000000000000210e-04
4.171300000000000000e+04 4.213999999999999972e-04
4.172600000000000000e+04 4.114999999999999734e-04
4.174000000000000000e+04 4.007999999999999844e-04
4.175300000000000000e+04 3.889000000000000204e-04
4.176700000000000000e+04 3.778000000000000217e-04
4.178000000000000000e+04 3.686000000000000149e-04
4.179400000000000000e+04 3.592000000000000032e-04
4.180700000000000000e+04 3.489000000000000239e-04
4.182100000000000000e+04 3.384999999999999880e-04
4.183400000000000000e+04 3.291999999999999788e-04
4.184800000000000000e+04 3.203999999999999817e-04
4.186100000000000000e+04 3.126000000000000089e-04
4.187500000000000000e+04 3.053999999999999966e-04
4.188800000000000000e+04 2.982999999999999866e-04
4.190200000000000000e+04 2.908000000000000211e-04
4.191500000000000000e+04 2.840000000000000185e-04
4.192900000000000000e+04 2.782999999999999884e-04
4.194200000000000000e+04 2.723000000000000051e-04
4.195600000000000000e+04 2.665000000000000268e-04
4.196900000000000000e+04 2.617000000000000185e-04
4.198300000000000000e+04 2.573000000000000200e-04
4.199600000000000000e+04 2.519999999999999996e-04
4.201000000000000000e+04 2.465999999999999768e-04
4.202300000000000000e+04 2.422000000000000053e-04
4.203700000000000000e+04 2.383999999999999943e-04
4.205000000000000000e+04 2.345000000000000079e-04
4.206400000000000000e+04 2.315999999999999916e-04
4.207700000000000000e+04 2.294999999999999948e-04
4.209100000000000000e+04 2.278000000000000077e-04
4.210400000000000000e+04 2.261999999999999959e-04
4.211800000000000000e+04 2.258000000000000133e-04
4.213100000000000000e+04 2.250999999999999963e-04
4.214500000000000000e+04 2.233000000000000067e-04
4.215800000000000000e+04 2.203999999999999905e-04
4.217200000000000000e+04 2.180000000000000134e-04
4.218500000000000000e+04 2.155000000000000069e-04
4.219900000000000000e+04 2.130000000000000003e-04
4.221200000000000000e+04 2.106999999999999986e-04
4.222600000000000000e+04 2.081999999999999921e-04
4.223900000000000000e+04 2.048999999999999932e-04
4.225300000000000000e+04 2.012999999999999870e-04
4.226700000000000000e+04 1.979999999999999881e-04
4.228000000000000000e+04 1.945000000000000114e-04
4.229400000000000000e+04 1.910000000000000077e-04
4.230700000000000000e+04 1.887000000000000060e-04
4.232100000000000000e+04 1.883999999999999987e-04
4.233400000000000000e+04 1.885000000000000011e-04
4.234800000000000000e+04 1.878000000000000112e-04
4.236100000000000000e+04 1.875000000000000039e-04
4.237500000000000000e+04 1.874000000000000015e-04
4.238800000000000000e+04 1.856000000000000119e-04
4.240200000000000000e+04 1.807000000000000012e-04
4.241500000000000000e+04 1.746999999999999909e-04
4.242900000000000000e+04 1.682999999999999980e-04
4.244200000000000000e+04 1.627999999999999998e-04
4.245600000000000000e+04 1.591999999999999936e-04
4.246900000000000000e+04 1.566999999999999871e-04
4.248300000000000000e+04 1.545999999999999903e-04
4.249600000000000000e+04 1.532000000000000104e-04
4.251000000000000000e+04 1.536999999999999955e-04
4.252300000000000000e+04 1.543000000000000101e-04
4.253700000000000000e+04 1.528000000000000007e-04
4.255000000000000000e+04 1.490999999999999921e-04
4.256400000000000000e+04 1.444000000000000134e-04
4.257700000000000000e+04 1.398000000000000100e-04
4.259100000000000000e+04 1.348999999999999993e-04
4.260400000000000000e+04 1.306000000000000032e-04
4.261800000000000000e+04 1.274000000000000067e-04
4.263100000000000000e+04 1.251000000000000050e-04
4.264500000000000000e+04 1.231000000000000106e-04
4.265800000000000000e+04 1.218999999999999950e-04
4.267200000000000000e+04 1.207999999999999954e-04
4.268500000000000000e+04 1.188000000000000010e-04
4.269900000000000000e+04 1.152999999999999972e-04
4.271200000000000000e+04 1.113999999999999973e-04
4.272600000000000000e+04 1.074999999999999974e-04
4.273900000000000000e+04 1.034999999999999950e-04
4.275300000000000000e+04 1.002999999999999985e-04
4.276600000000000000e+04 9.822999999999999972e-05
4.278000000000000000e+04 9.702000000000000283e-05
4.279300000000000000e+04 9.616999999999999572e-05
4.280700000000000000e+04 9.642999999999999662e-05
4.282100000000000000e+04 9.804000000000000323e-05
4.283400000000000000e+04 9.984000000000000632e-05
4.284800000000000000e+04 1.008999999999999996e-04
4.286100000000000000e+04 1.016000000000000030e-04
4.287500000000000000e+04 1.023999999999999954e-04
4.288800000000000000e+04 1.028999999999999940e-04
4.290200000000000000e+04 1.032000000000000013e-04
4.291500000000000000e+04 1.039000000000000047e-04
4.292900000000000000e+04 1.045999999999999946e-04
4.294200000000000000e+04 1.045999999999999946e-04
4.295600000000000000e+04 1.040999999999999960e-04
4.296900000000000000e+04 1.036999999999999999e-04
4.298300000000000000e+04 1.032000000000000013e-04
4.299600000000000000e+04 1.015000000000000006e-04
4.301000000000000000e+04 9.953000000000000421e-05
4.302300000000000000e+04 9.715000000000000328e-05
4.303700000000000000e+04 9.364999999999999952e-05
4.305000000000000000e+04 8.988000000000000004e-05
4.306400000000000000e+04 8.629999999999999705e-05
4.307700000000000000e+04 8.302999999999999617e-05
4.309100000000000000e+04 7.993999999999999695e-05
4.310400000000000000e+04 7.799000000000000377e-05
4.311800000000000000e+04 7.634999999999999914e-05
4.313100000000000000e+04 7.601999999999999383e-05
4.314500000000000000e+04 7.640999999999999518e-05
4.315800000000000000e+04 7.695000000000000017e-05
4.317200000000000000e+04 7.765999999999999846e-05
4.318500000000000000e+04 7.847999999999999399e-05
4.319900000000000000e+04 7.844000000000000115e-05
4.321200000000000000e+04 7.839999999999999476e-05
4.322600000000000000e+04 7.917000000000000263e-05
4.323900000000000000e+04 7.975999999999999529e-05
4.325300000000000000e+04 7.930000000000000308e-05
4.326600000000000000e+04 7.825000000000000466e-05
4.328000000000000000e+04 7.739000000000000273e-05
4.329300000000000000e+04 7.713000000000000184e-05
4.330700000000000000e+04 7.681999999999999972e-05
4.332000000000000000e+04 7.598999999999999581e-05
4.333400000000000000e+04 7.512999999999999388e-05
4.334800000000000000e+04 7.483000000000000014e-05
4.336100000000000000e+04 7.546999999999999401e-05
4.337500000000000000e+04 7.645000000000000157e-05
4.338800000000000000e+04 7.703999999999999423e-05
4.340200000000000000e+04 7.677999999999999333e-05
4.341500000000000000e+04 7.574000000000000329e-05
4.342900000000000000e+04 7.456999999999999924e-05
4.344200000000000000e+04 7.296000000000000619e-05
4.345600000000000000e+04 7.069999999999999733e-05
4.346900000000000000e+04 6.753999999999999370e-05
4.348300000000000000e+04 6.436000000000000043e-05
4.349600000000000000e+04 6.148000000000000090e-05
4.351000000000000000e+04 5.946000000000000330e-05
4.352300000000000000e+04 5.840000000000000329e-05
4.353700000000000000e+04 5.848999999999999734e-05
4.355000000000000000e+04 5.927000000000000004e-05
4.356400000000000000e+04 6.038000000000000127e-05
4.357700000000000000e+04 6.148999999999999572e-05
4.359100000000000000e+04 6.287999999999999427e-05
4.360400000000000000e+04 6.425000000000000318e-05
4.361800000000000000e+04 6.473999999999999341e-05
4.363100000000000000e+04 6.384999999999999346e-05
4.364500000000000000e+04 6.197000000000000468e-05
4.365800000000000000e+04 5.955999999999999896e-05
4.367200000000000000e+04 5.678999999999999668e-05
4.368500000000000000e+04 5.402000000000000118e-05
4.369900000000000000e+04 5.103999999999999922e-05
4.371200000000000000e+04 4.809999999999999687e-05
4.372600000000000000e+04 4.541000000000000060e-05
4.373900000000000000e+04 4.382999999999999879e-05
4.375300000000000000e+04 4.312000000000000051e-05
4.376600000000000000e+04 4.339000000000000300e-05
4.378000000000000000e+04 4.406000000000000167e-05
4.379300000000000000e+04 4.534000000000000297e-05
4.380700000000000000e+04 4.673000000000000152e-05
4.382000000000000000e+04 4.801999999999999764e-05
4.383400000000000000e+04 4.866999999999999988e-05
4.384700000000000000e+04 4.904999999999999963e-05
4.386100000000000000e+04 4.915000000000000206e-05
4.387400000000000000e+04 4.877999999999999714e-05
4.388800000000000000e+04 4.768999999999999910e-05
4.390200000000000000e+04 4.614999999999999691e-05
4.391500000000000000e+04 4.452000000000000065e-05
4.392900000000000000e+04 4.289999999999999922e-05
4.394200000000000000e+04 4.131000000000000259e-05
4.395600000000000000e+04 3.979999999999999841e-05
4.396900000000000000e+04 3.932000000000000301e-05
4.398300000000000000e+04 3.979999999999999841e-05
4.399600000000000000e+04 4.096000000000000086e-05
4.401000000000000000e+04 4.175999999999999997e-05
4.402300000000000000e+04 4.216999999999999774e-05
4.403700000000000000e+04 4.259999999999999871e-05
4.405000000000000000e+04 4.350000000000000026e-05
4.406400000000000000e+04 4.424999999999999816e-05
4.407700000000000000e+04 4.428000000000000295e-05
4.409100000000000000e+04 4.402999999999999687e-05
4.410400000000000000e+04 4.393000000000000122e-05
4.411800000000000000e+04 4.411999999999999771e-05
4.413100000000000000e+04 4.538999999999999741e-05
4.414500000000000000e+04 4.703999999999999685e-05
4.415800000000000000e+04 4.859000000000000065e-05
4.417200000000000000e+04 4.865999999999999829e-05
4.418500000000000000e+04 4.775999999999999674e-05
4.419900000000000000e+04 4.572000000000000272e-05
4.421200000000000000e+04 4.339000000000000300e-05
4.422600000000000000e+04 4.156000000000000189e-05
4.423900000000000000e+04 3.950999999999999949e-05
4.425300000000000000e+04 3.788000000000000324e-05
4.426600000000000000e+04 3.634000000000000104e-05
4.428000000000000000e+04 3.664000000000000156e-05
4.429300000000000000e+04 3.786000000000000004e-05
4.430700000000000000e+04 4.004999999999999771e-05
4.432000000000000000e+04 4.183999999999999921e-05
4.433400000000000000e+04 4.327999999999999897e-05
4.434700000000000000e+04 4.424999999999999816e-05
4.436100000000000000e+04 4.543999999999999862e-05
4.437400000000000000e+04 4.740000000000000018e-05
4.438800000000000000e+04 4.987000000000000195e-05
4.440100000000000000e+04 5.254000000000000179e-05
4.441500000000000000e+04 5.502999999999999998e-05
4.442800000000000000e+04 5.807999999999999957e-05
4.444200000000000000e+04 6.116000000000000397e-05
4.445600000000000000e+04 6.430999999999999922e-05
4.446900000000000000e+04 6.577000000000000218e-05
4.448300000000000000e+04 6.530000000000000160e-05
4.449600000000000000e+04 6.231999999999999964e-05
4.451000000000000000e+04 5.827999999999999766e-05
4.452300000000000000e+04 5.364000000000000143e-05
4.453700000000000000e+04 4.908999999999999925e-05
4.455000000000000000e+04 4.490000000000000040e-05
4.456400000000000000e+04 4.131999999999999741e-05
4.457700000000000000e+04 3.954999999999999911e-05
4.459100000000000000e+04 3.902999999999999731e-05
4.460400000000000000e+04 3.992999999999999886e-05
4.461800000000000000e+04 4.068999999999999836e-05
4.463100000000000000e+04 4.181000000000000119e-05
4.464500000000000000e+04 4.229000000000000337e-05
4.465800000000000000e+04 4.204999999999999889e-05
4.467200000000000000e+04 4.025000000000000257e-05
4.468500000000000000e+04 3.736000000000000144e-05
4.469900000000000000e+04 3.445999999999999872e-05
4.471200000000000000e+04 3.232000000000000226e-05
4.472600000000000000e+04 3.047999999999999955e-05
4.473900000000000000e+04 2.803000000000000099e-05
4.475300000000000000e+04 2.623000000000000128e-05
4.476600000000000000e+04 2.468000000000000087e-05
4.478000000000000000e+04 2.411999999999999946e-05
4.479300000000000000e+04 2.343000000000000098e-05
4.480700000000000000e+04 2.318000000000000168e-05
4.482000000000000000e+04 2.235000000000000116e-05
4.483400000000000000e+04 2.161000000000000147e-05
4.484700000000000000e+04 2.118000000000000050e-05
4.486100000000000000e+04 2.063999999999999890e-05
4.487400000000000000e+04 2.080999999999999896e-05
4.488800000000000000e+04 2.052000000000000005e-05
4.490100000000000000e+04 2.069000000000000011e-05
4.491500000000000000e+04 2.112999999999999929e-05
4.492800000000000000e+04 2.237999999999999918e-05
4.494200000000000000e+04 2.330000000000000053e-05
4.495500000000000000e+04 2.400000000000000061e-05
4.496900000000000000e+04 2.445999999999999959e-05
4.498200000000000000e+04 2.504999999999999903e-05
4.499600000000000000e+04 2.527999999999999852e-05
4.501000000000000000e+04 2.415999999999999908e-05
4.502300000000000000e+04 2.188999999999999879e-05
4.503700000000000000e+04 1.887000000000000060e-05
4.505000000000000000e+04 1.595999999999999966e-05
4.506400000000000000e+04 1.349999999999999949e-05
4.507700000000000000e+04 1.136999999999999956e-05
4.509100000000000000e+04 9.044000000000000146e-06
4.510400000000000000e+04 7.549000000000000060e-06
4.511800000000000000e+04 6.649999999999999858e-06
4.513100000000000000e+04 6.202999999999999733e-06
4.514500000000000000e+04 6.805999999999999720e-06
4.515800000000000000e+04 8.630000000000000382e-06
4.517200000000000000e+04 1.042000000000000018e-05
4.518500000000000000e+04 1.213000000000000075e-05
4.519900000000000000e+04 1.439999999999999935e-05
4.521200000000000000e+04 1.684000000000000140e-05
4.522600000000000000e+04 1.946000000000000003e-05
4.523900000000000000e+04 2.169999999999999891e-05
4.525300000000000000e+04 2.371000000000000169e-05
4.526600000000000000e+04 2.512000000000000005e-05
4.528000000000000000e+04 2.597000000000000038e-05
4.529300000000000000e+04 2.619999999999999987e-05
4.530700000000000000e+04 2.589999999999999936e-05
4.532000000000000000e+04 2.623999999999999949e-05
4.533400000000000000e+04 2.691999999999999976e-05
4.534700000000000000e+04 2.786000000000000092e-05
4.536100000000000000e+04 2.831999999999999990e-05
4.537400000000000000e+04 2.833999999999999971e-05
4.538800000000000000e+04 2.701999999999999880e-05
4.540100000000000000e+04 2.536000000000000114e-05
4.541500000000000000e+04 2.317000000000000008e-05
4.542800000000000000e+04 2.038000000000000139e-05
4.544200000000000000e+04 1.756000000000000128e-05
4.545500000000000000e+04 1.473999999999999948e-05
4.546900000000000000e+04 1.235000000000000034e-05
4.548200000000000000e+04 1.144000000000000058e-05
4.549600000000000000e+04 1.307000000000000022e-05
4.550900000000000000e+04 1.540000000000000163e-05
4.552300000000000000e+04 1.805999999999999988e-05
4.553600000000000000e+04 2.076000000000000114e-05
4.555000000000000000e+04 2.337000000000000156e-05
4.556400000000000000e+04 2.618000000000000006e-05
4.557700000000000000e+04 2.850999999999999978e-05
4.559100000000000000e+04 3.004999999999999859e-05
4.560400000000000000e+04 3.064999999999999962e-05
4.561800000000000000e+04 3.091000000000000052e-05
4.563100000000000000e+04 3.088999999999999732e-05
4.564500000000000000e+04 3.088999999999999732e-05
4.565800000000000000e+04 3.126000000000000225e-05
4.567200000000000000e+04 3.080999999999999809e-05
4.568500000000000000e+04 3.000000000000000076e-05
4.569900000000000000e+04 2.856999999999999920e-05
4.571200000000000000e+04 2.799999999999999958e-05
4.572600000000000000e+04 2.818000000000000124e-05
4.573900000000000000e+04 2.841999999999999895e-05
4.575300000000000000e+04 2.767999999999999926e-05
4.576600000000000000e+04 2.616999999999999847e-05
4.578000000000000000e+04 2.536000000000000114e-05
4.579300000000000000e+04 2.536000000000000114e-05
4.580700000000000000e+04 2.619999999999999987e-05
4.582000000000000000e+04 2.652999999999999841e-05
4.583400000000000000e+04 2.642000000000000115e-05
4.584700000000000000e+04 2.642000000000000115e-05
4.586100000000000000e+04 2.714000000000000104e-05
4.587400000000000000e+04 2.864999999999999844e-05
4.588800000000000000e+04 3.004999999999999859e-05
4.590100000000000000e+04 3.075999999999999687e-05
4.591500000000000000e+04 2.917999999999999845e-05
4.592800000000000000e+04 2.663000000000000084e-05
4.594200000000000000e+04 2.464000000000000126e-05
4.595500000000000000e+04 2.370000000000000009e-05
4.596900000000000000e+04 2.339000000000000137e-05
4.598200000000000000e+04 2.245000000000000020e-05
4.599600000000000000e+04 2.110999999999999948e-05
4.600900000000000000e+04 1.991999999999999901e-05
4.602300000000000000e+04 2.036999999999999979e-05
4.603600000000000000e+04 2.103999999999999845e-05
4.605000000000000000e+04 2.110000000000000127e-05
4.606300000000000000e+04 2.038000000000000139e-05
4.607700000000000000e+04 1.906000000000000047e-05
4.609100000000000000e+04 1.766000000000000032e-05
4.610400000000000000e+04 1.627999999999999998e-05
4.611800000000000000e+04 1.519000000000000025e-05
4.613100000000000000e+04 1.418999999999999966e-05
4.614500000000000000e+04 1.313999999999999955e-05
4.615800000000000000e+04 1.189999999999999957e-05
4.617200000000000000e+04 1.049999999999999942e-05
4.618500000000000000e+04 9.992000000000000217e-06
4.619900000000000000e+04 9.858999999999999966e-06
4.621200000000000000e+04 9.864999999999999569e-06
4.622600000000000000e+04 9.456000000000000605e-06
4.623900000000000000e+04 9.249999999999999528e-06
4.625300000000000000e+04 9.592999999999999463e-06
4.626600000000000000e+04 1.008000000000000005e-05
4.628000000000000000e+04 1.061999999999999996e-05
4.629300000000000000e+04 1.046999999999999971e-05
4.630700000000000000e+04 1.044999999999999990e-05
4.632000000000000000e+04 1.051999999999999923e-05
4.633400000000000000e+04 1.060000000000000016e-05
4.634700000000000000e+04 1.014999999999999938e-05
4.636100000000000000e+04 9.548999999999999546e-06
4.637400000000000000e+04 9.599999999999999566e-06
4.638800000000000000e+04 9.435000000000000298e-06
4.640100000000000000e+04 9.177999999999999201e-06
4.641500000000000000e+04 8.695000000000000607e-06
4.642800000000000000e+04 8.440999999999999312e-06
4.644200000000000000e+04 8.372999999999999285e-06
4.645500000000000000e+04 8.769000000000000237e-06
4.646900000000000000e+04 8.998999999999999729e-06
4.648200000000000000e+04 8.019000000000000642e-06
4.649600000000000000e+04 7.062000000000000318e-06
4.650900000000000000e+04 6.122000000000000000e-06
4.652300000000000000e+04 5.091000000000000046e-06
4.653600000000000000e+04 3.813999999999999821e-06
4.655000000000000000e+04 2.573000000000000183e-06
4.656300000000000000e+04 2.234000000000000125e-06
4.657700000000000000e+04 2.302999999999999804e-06
4.659000000000000000e+04 3.086999999999999836e-06
4.660400000000000000e+04 3.813000000000000169e-06
4.661700000000000000e+04 3.817999999999999698e-06
4.663100000000000000e+04 3.817999999999999698e-06
4.664500000000000000e+04 3.826000000000000299e-06
4.665800000000000000e+04 3.926000000000000189e-06
4.667200000000000000e+04 3.085000000000000109e-06
4.668500000000000000e+04 1.987000000000000203e-06
4.669900000000000000e+04 1.007999999999999921e-06
4.671200000000000000e+04 2.819000000000000030e-07
4.672600000000000000e+04 3.479999999999999927e-07
4.673900000000000000e+04 5.957999999999999749e-07
4.675300000000000000e+04 8.269999999999999806e-07
4.676600000000000000e+04 1.213999999999999939e-06
4.678000000000000000e+04 2.043999999999999827e-06
4.679300000000000000e+04 3.843999999999999957e-06
4.680700000000000000e+04 5.166000000000000175e-06
4.682000000000000000e+04 5.912999999999999969e-06
4.683400000000000000e+04 6.549000000000000317e-06
4.684700000000000000e+04 6.739000000000000192e-06
4.686100000000000000e+04 6.661000000000000261e-06
4.687400000000000000e+04 6.404999999999999663e-06
4.688800000000000000e+04 6.002000000000000302e-06
4.690100000000000000e+04 5.312999999999999784e-06
4.691500000000000000e+04 5.601999999999999897e-06
4.692800000000000000e+04 7.305000000000000363e-06
4.694200000000000000e+04 8.900999999999999990e-06
4.695500000000000000e+04 1.086999999999999926e-05
4.696900000000000000e+04 1.305000000000000042e-05
4.698200000000000000e+04 1.485000000000000012e-05
4.699600000000000000e+04 1.499000000000000048e-05
4.700900000000000000e+04 1.412000000000000034e-05
4.702300000000000000e+04 1.271000000000000028e-05
4.703600000000000000e+04 1.050999999999999932e-05
