1.613000000000000000e+04 1.028999999999999974e-05
1.614000000000000000e+04 9.751000000000000322e-06
1.615000000000000000e+04 9.824999999999999952e-06
1.616000000000000000e+04 9.650000000000000781e-06
1.617000000000000000e+04 1.043000000000000009e-05
1.618000000000000000e+04 1.130000000000000023e-05
1.619000000000000000e+04 1.148000000000000020e-05
1.620000000000000000e+04 1.072000000000000070e-05
1.621000000000000000e+04 9.823000000000000649e-06
1.622000000000000000e+04 1.013999999999999948e-05
1.623000000000000000e+04 1.067999999999999939e-05
1.624000000000000000e+04 1.068999999999999929e-05
1.625000000000000000e+04 1.071000000000000080e-05
1.626000000000000000e+04 1.096000000000000010e-05
1.627000000000000000e+04 1.117999999999999968e-05
1.628000000000000000e+04 1.135999999999999966e-05
1.629000000000000000e+04 1.091000000000000058e-05
1.630000000000000000e+04 1.112000000000000026e-05
1.631000000000000000e+04 1.163000000000000046e-05
1.632000000000000000e+04 1.188999999999999966e-05
1.633000000000000000e+04 1.221999999999999989e-05
1.634000000000000000e+04 1.254000000000000022e-05
1.635000000000000000e+04 1.199000000000000040e-05
1.636000000000000000e+04 1.208999999999999944e-05
1.637000000000000000e+04 1.201000000000000021e-05
1.638000000000000000e+04 1.306000000000000032e-05
1.639000000000000000e+04 1.334999999999999924e-05
1.640000000000000000e+04 1.320000000000000067e-05
1.641000000000000000e+04 1.407000000000000081e-05
1.642000000000000000e+04 1.462000000000000063e-05
1.643000000000000000e+04 1.556000000000000010e-05
1.644000000000000000e+04 1.624000000000000037e-05
1.645000000000000000e+04 1.703000000000000127e-05
1.646000000000000000e+04 1.794000000000000103e-05
1.647000000000000000e+04 1.760000000000000090e-05
1.648000000000000000e+04 1.855000000000000027e-05
1.649000000000000000e+04 1.902999999999999906e-05
1.650000000000000000e+04 1.942999999999999862e-05
1.651000000000000000e+04 1.900000000000000105e-05
1.652000000000000000e+04 1.881000000000000117e-05
1.653000000000000000e+04 2.004000000000000125e-05
1.654000000000000000e+04 2.072999999999999973e-05
1.655000000000000000e+04 2.167000000000000089e-05
1.656000000000000000e+04 2.180999999999999955e-05
1.657000000000000000e+04 2.343999999999999919e-05
1.658000000000000000e+04 2.487000000000000075e-05
1.659000000000000000e+04 2.606999999999999942e-05
1.660000000000000000e+04 2.708999999999999982e-05
1.661000000000000000e+04 2.814000000000000163e-05
1.662000000000000000e+04 3.032000000000000108e-05
1.663000000000000000e+04 3.258000000000000316e-05
1.664000000000000000e+04 3.516999999999999700e-05
1.665000000000000000e+04 3.754999999999999793e-05
1.666000000000000000e+04 3.936999999999999745e-05
1.667000000000000000e+04 4.151000000000000067e-05
1.668000000000000000e+04 4.478000000000000155e-05
1.669000000000000000e+04 4.776999999999999834e-05
1.670000000000000000e+04 5.145999999999999858e-05
1.671000000000000000e+04 5.463999999999999863e-05
1.672000000000000000e+04 5.932000000000000125e-05
1.673000000000000000e+04 6.320999999999999959e-05
1.674000000000000000e+04 6.852999999999999608e-05
1.675000000000000000e+04 7.391999999999999699e-05
1.676000000000000000e+04 7.959999999999999682e-05
1.677000000000000000e+04 8.527000000000000183e-05
1.678000000000000000e+04 9.134999999999999783e-05
1.679000000000000000e+04 9.830000000000000413e-05
1.680000000000000000e+04 1.051999999999999957e-04
1.681000000000000000e+04 1.138000000000000014e-04
1.682000000000000000e+04 1.228000000000000033e-04
1.683000000000000000e+04 1.328000000000000025e-04
1.684000000000000000e+04 1.425999999999999967e-04
1.685000000000000000e+04 1.542000000000000076e-04
1.686000000000000000e+04 1.660999999999999987e-04
1.687000000000000000e+04 1.797000000000000040e-04
1.688000000000000000e+04 1.936999999999999920e-04
1.689000000000000000e+04 2.090999999999999868e-04
1.690000000000000000e+04 2.262999999999999983e-04
1.691000000000000000e+04 2.458000000000000115e-04
1.692000000000000000e+04 2.697999999999999986e-04
1.693000000000000000e+04 2.959999999999999849e-04
1.694000000000000000e+04 3.260000000000000094e-04
1.695000000000000000e+04 3.586999999999999911e-04
1.696000000000000000e+04 3.958000000000000255e-04
1.697000000000000000e+04 4.390999999999999938e-04
1.698000000000000000e+04 4.879999999999999898e-04
1.699000000000000000e+04 5.437000000000000426e-04
1.700000000000000000e+04 6.089999999999999494e-04
1.701000000000000000e+04 6.828000000000000085e-04
1.702000000000000000e+04 7.686000000000000340e-04
1.703000000000000000e+04 8.666999999999999791e-04
1.704000000000000000e+04 9.790000000000000525e-04
1.705000000000000000e+04 1.105999999999999995e-03
1.706000000000000000e+04 1.250000000000000026e-03
1.707000000000000000e+04 1.413999999999999892e-03
1.708000000000000000e+04 1.600000000000000077e-03
1.709000000000000000e+04 1.810999999999999893e-03
1.710000000000000000e+04 2.050999999999999872e-03
1.711000000000000000e+04 2.318999999999999881e-03
1.712000000000000000e+04 2.622000000000000199e-03
1.713000000000000000e+04 2.964000000000000055e-03
1.714000000000000000e+04 3.347999999999999848e-03
1.715000000000000000e+04 3.782999999999999904e-03
1.716000000000000000e+04 4.278999999999999818e-03
1.717000000000000000e+04 4.841999999999999950e-03
1.718000000000000000e+04 5.477000000000000098e-03
1.719000000000000000e+04 6.205999999999999711e-03
1.720000000000000000e+04 7.042999999999999781e-03
1.721000000000000000e+04 8.011000000000000759e-03
1.722000000000000000e+04 9.131999999999999493e-03
1.723000000000000000e+04 1.044999999999999922e-02
1.724000000000000000e+04 1.196999999999999974e-02
1.725000000000000000e+04 1.378000000000000058e-02
1.726000000000000000e+04 1.592000000000000012e-02
1.727000000000000000e+04 1.847999999999999990e-02
1.728000000000000000e+04 2.154999999999999971e-02
1.729000000000000000e+04 2.521999999999999936e-02
1.730000000000000000e+04 2.957999999999999866e-02
1.731000000000000000e+04 3.472000000000000086e-02
1.732000000000000000e+04 4.089999999999999886e-02
1.733000000000000000e+04 4.762999999999999873e-02
1.734000000000000000e+04 5.451999999999999902e-02
1.735000000000000000e+04 6.049000000000000210e-02
1.736000000000000000e+04 6.642000000000000681e-02
1.737000000000000000e+04 7.216000000000000192e-02
1.738000000000000000e+04 7.906000000000000527e-02
1.739000000000000000e+04 8.662999999999999867e-02
1.740000000000000000e+04 9.575999999999999790e-02
1.741000000000000000e+04 1.068000000000000060e-01
1.742000000000000000e+04 1.190999999999999975e-01
1.743000000000000000e+04 1.335000000000000075e-01
1.744000000000000000e+04 1.487999999999999878e-01
1.745000000000000000e+04 1.673000000000000043e-01
1.746000000000000000e+04 1.879000000000000115e-01
1.747000000000000000e+04 2.129000000000000059e-01
1.748000000000000000e+04 2.424999999999999933e-01
1.749000000000000000e+04 2.776000000000000134e-01
1.750000000000000000e+04 3.170000000000000040e-01
1.751000000000000000e+04 3.605999999999999761e-01
1.752000000000000000e+04 4.057999999999999940e-01
1.753000000000000000e+04 4.530000000000000138e-01
1.754000000000000000e+04 5.000000000000000000e-01
1.755000000000000000e+04 5.472000000000000197e-01
1.756000000000000000e+04 5.910999999999999588e-01
1.757000000000000000e+04 6.318000000000000282e-01
1.758000000000000000e+04 6.679000000000000492e-01
1.759000000000000000e+04 7.003000000000000336e-01
1.760000000000000000e+04 7.278999999999999915e-01
1.761000000000000000e+04 7.540000000000000036e-01
1.762000000000000000e+04 7.790000000000000258e-01
1.763000000000000000e+04 8.022000000000000242e-01
1.764000000000000000e+04 8.247999999999999776e-01
1.765000000000000000e+04 8.465000000000000302e-01
1.766000000000000000e+04 8.677000000000000268e-01
1.767000000000000000e+04 8.862999999999999767e-01
1.768000000000000000e+04 9.035999999999999588e-01
1.769000000000000000e+04 9.201000000000000290e-01
1.770000000000000000e+04 9.354999999999999982e-01
1.771000000000000000e+04 9.485000000000000098e-01
1.772000000000000000e+04 9.605000000000000204e-01
1.773000000000000000e+04 9.686000000000000165e-01
1.774000000000000000e+04 9.749999999999999778e-01
1.775000000000000000e+04 9.791999999999999593e-01
1.776000000000000000e+04 9.820999999999999730e-01
1.777000000000000000e+04 9.839999999999999858e-01
1.778000000000000000e+04 9.838999999999999968e-01
1.779000000000000000e+04 9.849999999999999867e-01
1.780000000000000000e+04 9.852999999999999536e-01
1.781000000000000000e+04 9.855000000000000426e-01
1.782000000000000000e+04 9.840999999999999748e-01
1.783000000000000000e+04 9.839999999999999858e-01
1.784000000000000000e+04 9.838000000000000078e-01
1.785000000000000000e+04 9.840999999999999748e-01
1.786000000000000000e+04 9.832999999999999519e-01
1.787000000000000000e+04 9.837000000000000188e-01
1.788000000000000000e+04 9.859999999999999876e-01
1.789000000000000000e+04 9.865000000000000435e-01
1.790000000000000000e+04 9.877000000000000224e-01
1.791000000000000000e+04 9.868999999999999995e-01
1.792000000000000000e+04 9.868999999999999995e-01
1.793000000000000000e+04 9.850999999999999757e-01
1.794000000000000000e+04 9.834000000000000519e-01
1.795000000000000000e+04 9.817000000000000171e-01
1.796000000000000000e+04 9.788999999999999924e-01
1.797000000000000000e+04 9.757000000000000117e-01
1.798000000000000000e+04 9.726000000000000201e-01
1.799000000000000000e+04 9.697000000000000064e-01
1.800000000000000000e+04 9.664000000000000368e-01
1.801000000000000000e+04 9.640999999999999570e-01
1.802000000000000000e+04 9.615000000000000213e-01
1.803000000000000000e+04 9.592000000000000526e-01
1.804000000000000000e+04 9.546999999999999931e-01
1.805000000000000000e+04 9.523000000000000353e-01
1.806000000000000000e+04 9.502000000000000446e-01
1.807000000000000000e+04 9.496999999999999886e-01
1.808000000000000000e+04 9.489999999999999547e-01
1.809000000000000000e+04 9.475000000000000089e-01
1.810000000000000000e+04 9.461000000000000520e-01
1.811000000000000000e+04 9.455000000000000071e-01
1.812000000000000000e+04 9.475000000000000089e-01
1.813000000000000000e+04 9.485000000000000098e-01
1.814000000000000000e+04 9.504000000000000226e-01
1.815000000000000000e+04 9.505000000000000115e-01
1.816000000000000000e+04 9.529999999999999583e-01
1.817000000000000000e+04 9.549999999999999600e-01
1.818000000000000000e+04 9.575000000000000178e-01
1.819000000000000000e+04 9.585000000000000187e-01
1.820000000000000000e+04 9.599999999999999645e-01
1.821000000000000000e+04 9.620999999999999552e-01
1.822000000000000000e+04 9.651999999999999469e-01
1.823000000000000000e+04 9.661999999999999478e-01
1.824000000000000000e+04 9.683000000000000496e-01
1.825000000000000000e+04 9.710999999999999632e-01
1.826000000000000000e+04 9.737999999999999989e-01
1.827000000000000000e+04 9.748999999999999888e-01
1.828000000000000000e+04 9.754000000000000448e-01
1.829000000000000000e+04 9.767000000000000126e-01
1.830000000000000000e+04 9.782999999999999474e-01
1.831000000000000000e+04 9.799999999999999822e-01
1.832000000000000000e+04 9.818999999999999950e-01
1.833000000000000000e+04 9.818999999999999950e-01
1.834000000000000000e+04 9.815000000000000391e-01
1.835000000000000000e+04 9.810999999999999721e-01
1.836000000000000000e+04 9.829999999999999849e-01
1.837000000000000000e+04 9.838000000000000078e-01
1.838000000000000000e+04 9.842999999999999527e-01
1.839000000000000000e+04 9.835000000000000409e-01
1.840000000000000000e+04 9.844000000000000528e-01
1.841000000000000000e+04 9.832999999999999519e-01
1.842000000000000000e+04 9.824000000000000510e-01
1.843000000000000000e+04 9.826000000000000290e-01
1.844000000000000000e+04 9.821999999999999620e-01
1.845000000000000000e+04 9.811999999999999611e-01
1.846000000000000000e+04 9.786000000000000254e-01
1.847000000000000000e+04 9.778000000000000025e-01
1.848000000000000000e+04 9.767000000000000126e-01
1.849000000000000000e+04 9.747000000000000108e-01
1.850000000000000000e+04 9.735000000000000320e-01
1.851000000000000000e+04 9.725000000000000311e-01
1.852000000000000000e+04 9.723000000000000531e-01
1.853000000000000000e+04 9.710999999999999632e-01
1.854000000000000000e+04 9.686000000000000165e-01
1.855000000000000000e+04 9.666000000000000147e-01
1.856000000000000000e+04 9.656000000000000139e-01
1.857000000000000000e+04 9.666000000000000147e-01
1.858000000000000000e+04 9.663000000000000478e-01
1.859000000000000000e+04 9.643000000000000460e-01
1.860000000000000000e+04 9.631999999999999451e-01
1.861000000000000000e+04 9.619999999999999662e-01
1.862000000000000000e+04 9.603000000000000425e-01
1.863000000000000000e+04 9.583000000000000407e-01
1.864000000000000000e+04 9.584000000000000297e-01
1.865000000000000000e+04 9.586000000000000076e-01
1.866000000000000000e+04 9.589999999999999636e-01
1.867000000000000000e+04 9.585000000000000187e-01
1.868000000000000000e+04 9.602000000000000535e-01
1.869000000000000000e+04 9.615000000000000213e-01
1.870000000000000000e+04 9.633000000000000451e-01
1.871000000000000000e+04 9.658999999999999808e-01
1.872000000000000000e+04 9.675000000000000266e-01
1.873000000000000000e+04 9.699999999999999734e-01
1.874000000000000000e+04 9.715000000000000302e-01
1.875000000000000000e+04 9.731999999999999540e-01
1.876000000000000000e+04 9.747000000000000108e-01
1.877000000000000000e+04 9.738999999999999879e-01
1.878000000000000000e+04 9.749999999999999778e-01
1.879000000000000000e+04 9.758999999999999897e-01
1.880000000000000000e+04 9.777000000000000135e-01
1.881000000000000000e+04 9.795000000000000373e-01
1.882000000000000000e+04 9.798000000000000043e-01
1.883000000000000000e+04 9.817000000000000171e-01
1.884000000000000000e+04 9.821999999999999620e-01
1.885000000000000000e+04 9.834000000000000519e-01
1.886000000000000000e+04 9.848999999999999977e-01
1.887000000000000000e+04 9.857000000000000206e-01
1.888000000000000000e+04 9.868999999999999995e-01
1.889000000000000000e+04 9.878000000000000114e-01
1.890000000000000000e+04 9.881999999999999673e-01
1.891000000000000000e+04 9.870999999999999774e-01
1.892000000000000000e+04 9.860999999999999766e-01
1.893000000000000000e+04 9.860999999999999766e-01
1.894000000000000000e+04 9.867000000000000215e-01
1.895000000000000000e+04 9.878000000000000114e-01
1.896000000000000000e+04 9.889000000000000012e-01
1.897000000000000000e+04 9.899000000000000021e-01
1.898000000000000000e+04 9.901999999999999691e-01
1.899000000000000000e+04 9.912999999999999590e-01
1.900000000000000000e+04 9.907000000000000250e-01
1.901000000000000000e+04 9.918000000000000149e-01
1.902000000000000000e+04 9.919000000000000039e-01
1.903000000000000000e+04 9.938000000000000167e-01
1.904000000000000000e+04 9.930999999999999828e-01
1.905000000000000000e+04 9.937000000000000277e-01
1.906000000000000000e+04 9.931999999999999718e-01
1.907000000000000000e+04 9.937000000000000277e-01
1.908000000000000000e+04 9.945000000000000506e-01
1.909000000000000000e+04 9.935000000000000497e-01
1.910000000000000000e+04 9.933999999999999497e-01
1.911000000000000000e+04 9.927000000000000268e-01
1.912000000000000000e+04 9.947000000000000286e-01
1.913000000000000000e+04 9.961999999999999744e-01
1.914000000000000000e+04 9.966000000000000414e-01
1.915000000000000000e+04 9.958000000000000185e-01
1.916000000000000000e+04 9.940999999999999837e-01
1.917000000000000000e+04 9.953999999999999515e-01
1.918000000000000000e+04 9.953999999999999515e-01
1.919000000000000000e+04 9.949999999999999956e-01
1.920000000000000000e+04 9.925000000000000488e-01
1.921000000000000000e+04 9.927000000000000268e-01
1.922000000000000000e+04 9.925000000000000488e-01
1.923000000000000000e+04 9.908000000000000140e-01
1.924000000000000000e+04 9.901999999999999691e-01
1.925000000000000000e+04 9.887000000000000233e-01
1.926000000000000000e+04 9.876000000000000334e-01
1.927000000000000000e+04 9.858000000000000096e-01
1.928000000000000000e+04 9.856000000000000316e-01
1.929000000000000000e+04 9.849999999999999867e-01
1.930000000000000000e+04 9.842999999999999527e-01
1.931000000000000000e+04 9.831999999999999629e-01
1.932000000000000000e+04 9.832999999999999519e-01
1.933000000000000000e+04 9.818999999999999950e-01
1.934000000000000000e+04 9.808999999999999941e-01
1.935000000000000000e+04 9.796000000000000263e-01
1.936000000000000000e+04 9.794000000000000483e-01
1.937000000000000000e+04 9.776000000000000245e-01
1.938000000000000000e+04 9.768999999999999906e-01
1.939000000000000000e+04 9.757000000000000117e-01
1.940000000000000000e+04 9.757000000000000117e-01
1.941000000000000000e+04 9.749999999999999778e-01
1.942000000000000000e+04 9.747000000000000108e-01
1.943000000000000000e+04 9.761999999999999567e-01
1.944000000000000000e+04 9.770999999999999686e-01
1.945000000000000000e+04 9.784000000000000474e-01
1.946000000000000000e+04 9.780999999999999694e-01
1.947000000000000000e+04 9.788999999999999924e-01
1.948000000000000000e+04 9.796000000000000263e-01
1.949000000000000000e+04 9.796000000000000263e-01
1.950000000000000000e+04 9.801999999999999602e-01
1.951000000000000000e+04 9.805000000000000382e-01
1.952000000000000000e+04 9.821999999999999620e-01
1.953000000000000000e+04 9.828000000000000069e-01
1.954000000000000000e+04 9.827000000000000179e-01
1.955000000000000000e+04 9.832999999999999519e-01
1.956000000000000000e+04 9.837000000000000188e-01
1.957000000000000000e+04 9.848000000000000087e-01
1.958000000000000000e+04 9.849999999999999867e-01
1.959000000000000000e+04 9.839999999999999858e-01
1.960000000000000000e+04 9.845000000000000417e-01
1.961000000000000000e+04 9.840999999999999748e-01
1.962000000000000000e+04 9.857000000000000206e-01
1.963000000000000000e+04 9.842999999999999527e-01
1.964000000000000000e+04 9.846000000000000307e-01
1.965000000000000000e+04 9.837000000000000188e-01
1.966000000000000000e+04 9.828999999999999959e-01
1.967000000000000000e+04 9.820999999999999730e-01
1.968000000000000000e+04 9.819999999999999840e-01
1.969000000000000000e+04 9.820999999999999730e-01
1.970000000000000000e+04 9.811999999999999611e-01
1.971000000000000000e+04 9.810999999999999721e-01
1.972000000000000000e+04 9.816000000000000281e-01
1.973000000000000000e+04 9.806000000000000272e-01
1.974000000000000000e+04 9.790999999999999703e-01
1.975000000000000000e+04 9.789999999999999813e-01
1.976000000000000000e+04 9.802999999999999492e-01
1.977000000000000000e+04 9.812999999999999501e-01
1.978000000000000000e+04 9.810999999999999721e-01
1.979000000000000000e+04 9.808999999999999941e-01
1.980000000000000000e+04 9.811999999999999611e-01
1.981000000000000000e+04 9.818999999999999950e-01
1.982000000000000000e+04 9.824000000000000510e-01
1.983000000000000000e+04 9.816000000000000281e-01
1.984000000000000000e+04 9.821999999999999620e-01
1.985000000000000000e+04 9.820999999999999730e-01
1.986000000000000000e+04 9.822999999999999510e-01
1.987000000000000000e+04 9.835000000000000409e-01
1.988000000000000000e+04 9.846000000000000307e-01
1.989000000000000000e+04 9.865000000000000435e-01
1.990000000000000000e+04 9.862999999999999545e-01
1.991000000000000000e+04 9.874000000000000554e-01
1.992000000000000000e+04 9.878000000000000114e-01
1.993000000000000000e+04 9.882999999999999563e-01
1.994000000000000000e+04 9.875000000000000444e-01
1.995000000000000000e+04 9.879000000000000004e-01
1.996000000000000000e+04 9.868999999999999995e-01
1.997000000000000000e+04 9.875000000000000444e-01
1.998000000000000000e+04 9.879999999999999893e-01
1.999000000000000000e+04 9.876000000000000334e-01
2.000000000000000000e+04 9.866000000000000325e-01
2.001000000000000000e+04 9.859999999999999876e-01
2.002000000000000000e+04 9.874000000000000554e-01
2.003000000000000000e+04 9.896000000000000352e-01
2.004000000000000000e+04 9.892999999999999572e-01
2.005000000000000000e+04 9.883999999999999453e-01
2.006000000000000000e+04 9.867000000000000215e-01
2.007000000000000000e+04 9.861999999999999655e-01
2.008000000000000000e+04 9.847000000000000197e-01
2.009000000000000000e+04 9.846000000000000307e-01
2.010000000000000000e+04 9.855000000000000426e-01
2.011000000000000000e+04 9.857000000000000206e-01
2.012000000000000000e+04 9.851999999999999647e-01
2.013000000000000000e+04 9.848999999999999977e-01
2.014000000000000000e+04 9.865000000000000435e-01
2.015000000000000000e+04 9.877000000000000224e-01
2.016000000000000000e+04 9.880999999999999783e-01
2.017000000000000000e+04 9.886000000000000343e-01
2.018000000000000000e+04 9.909999999999999920e-01
2.019000000000000000e+04 9.893999999999999462e-01
2.020000000000000000e+04 9.891999999999999682e-01
2.021000000000000000e+04 9.872999999999999554e-01
2.022000000000000000e+04 9.892999999999999572e-01
2.023000000000000000e+04 9.909999999999999920e-01
2.024000000000000000e+04 9.933999999999999497e-01
2.025000000000000000e+04 9.959000000000000075e-01
2.026000000000000000e+04 9.961999999999999744e-01
2.027000000000000000e+04 9.951999999999999735e-01
2.028000000000000000e+04 9.949999999999999956e-01
2.029000000000000000e+04 9.960999999999999854e-01
2.030000000000000000e+04 9.970999999999999863e-01
2.031000000000000000e+04 9.970999999999999863e-01
2.032000000000000000e+04 9.973999999999999533e-01
2.033000000000000000e+04 9.981999999999999762e-01
2.034000000000000000e+04 9.980999999999999872e-01
2.035000000000000000e+04 9.976000000000000423e-01
2.036000000000000000e+04 9.969999999999999973e-01
2.037000000000000000e+04 9.980999999999999872e-01
2.038000000000000000e+04 9.982999999999999652e-01
2.039000000000000000e+04 9.979000000000000092e-01
2.040000000000000000e+04 9.967000000000000304e-01
2.041000000000000000e+04 9.947000000000000286e-01
2.042000000000000000e+04 9.939000000000000057e-01
2.043000000000000000e+04 9.912999999999999590e-01
2.044000000000000000e+04 9.902999999999999581e-01
2.045000000000000000e+04 9.882999999999999563e-01
2.046000000000000000e+04 9.870999999999999774e-01
2.047000000000000000e+04 9.865000000000000435e-01
2.048000000000000000e+04 9.845000000000000417e-01
2.049000000000000000e+04 9.839999999999999858e-01
2.050000000000000000e+04 9.834000000000000519e-01
2.051000000000000000e+04 9.832999999999999519e-01
2.052000000000000000e+04 9.826000000000000290e-01
2.053000000000000000e+04 9.812999999999999501e-01
2.054000000000000000e+04 9.810999999999999721e-01
2.055000000000000000e+04 9.806000000000000272e-01
2.056000000000000000e+04 9.797000000000000153e-01
2.057000000000000000e+04 9.787000000000000144e-01
2.058000000000000000e+04 9.785000000000000364e-01
2.059000000000000000e+04 9.787000000000000144e-01
2.060000000000000000e+04 9.789999999999999813e-01
2.061000000000000000e+04 9.800999999999999712e-01
2.062000000000000000e+04 9.808999999999999941e-01
2.063000000000000000e+04 9.816000000000000281e-01
2.064000000000000000e+04 9.828000000000000069e-01
2.065000000000000000e+04 9.826000000000000290e-01
2.066000000000000000e+04 9.835000000000000409e-01
2.067000000000000000e+04 9.846000000000000307e-01
2.068000000000000000e+04 9.868999999999999995e-01
2.069000000000000000e+04 9.881999999999999673e-01
2.070000000000000000e+04 9.890999999999999792e-01
2.071000000000000000e+04 9.909999999999999920e-01
2.072000000000000000e+04 9.931999999999999718e-01
2.073000000000000000e+04 9.952999999999999625e-01
2.074000000000000000e+04 9.965000000000000524e-01
2.075000000000000000e+04 9.976000000000000423e-01
2.076000000000000000e+04 9.972999999999999643e-01
2.077000000000000000e+04 9.973999999999999533e-01
2.078000000000000000e+04 9.975000000000000533e-01
2.079000000000000000e+04 9.979999999999999982e-01
2.080000000000000000e+04 9.981999999999999762e-01
2.081000000000000000e+04 9.976000000000000423e-01
2.082000000000000000e+04 9.973999999999999533e-01
2.083000000000000000e+04 9.968000000000000194e-01
2.084000000000000000e+04 9.980999999999999872e-01
2.085000000000000000e+04 9.979999999999999982e-01
2.086000000000000000e+04 9.987000000000000322e-01
2.087000000000000000e+04 9.971999999999999753e-01
2.088000000000000000e+04 9.969999999999999973e-01
2.089000000000000000e+04 9.957000000000000295e-01
2.090000000000000000e+04 9.948000000000000176e-01
2.091000000000000000e+04 9.919000000000000039e-01
2.092000000000000000e+04 9.897000000000000242e-01
2.093000000000000000e+04 9.896000000000000352e-01
2.094000000000000000e+04 9.899999999999999911e-01
2.095000000000000000e+04 9.900999999999999801e-01
2.096000000000000000e+04 9.889999999999999902e-01
2.097000000000000000e+04 9.879999999999999893e-01
2.098000000000000000e+04 9.876000000000000334e-01
2.099000000000000000e+04 9.868000000000000105e-01
2.100000000000000000e+04 9.861999999999999655e-01
2.101000000000000000e+04 9.859999999999999876e-01
2.102000000000000000e+04 9.848999999999999977e-01
2.103000000000000000e+04 9.855000000000000426e-01
2.104000000000000000e+04 9.868000000000000105e-01
2.105000000000000000e+04 9.870999999999999774e-01
2.106000000000000000e+04 9.861999999999999655e-01
2.107000000000000000e+04 9.838999999999999968e-01
2.108000000000000000e+04 9.835000000000000409e-01
2.109000000000000000e+04 9.822999999999999510e-01
2.110000000000000000e+04 9.829999999999999849e-01
2.111000000000000000e+04 9.808000000000000052e-01
2.112000000000000000e+04 9.821999999999999620e-01
2.113000000000000000e+04 9.805000000000000382e-01
2.114000000000000000e+04 9.808999999999999941e-01
2.115000000000000000e+04 9.786000000000000254e-01
2.116000000000000000e+04 9.782999999999999474e-01
2.117000000000000000e+04 9.798999999999999932e-01
2.118000000000000000e+04 9.805000000000000382e-01
2.119000000000000000e+04 9.798999999999999932e-01
2.120000000000000000e+04 9.777000000000000135e-01
2.121000000000000000e+04 9.772999999999999465e-01
2.122000000000000000e+04 9.766000000000000236e-01
2.123000000000000000e+04 9.758000000000000007e-01
2.124000000000000000e+04 9.740999999999999659e-01
2.125000000000000000e+04 9.730999999999999650e-01
2.126000000000000000e+04 9.724000000000000421e-01
2.127000000000000000e+04 9.718999999999999861e-01
2.128000000000000000e+04 9.711999999999999522e-01
2.129000000000000000e+04 9.710999999999999632e-01
2.130000000000000000e+04 9.709999999999999742e-01
2.131000000000000000e+04 9.709999999999999742e-01
2.132000000000000000e+04 9.718999999999999861e-01
2.133000000000000000e+04 9.721999999999999531e-01
2.134000000000000000e+04 9.717999999999999972e-01
2.135000000000000000e+04 9.711999999999999522e-01
2.136000000000000000e+04 9.697000000000000064e-01
2.137000000000000000e+04 9.703000000000000513e-01
2.138000000000000000e+04 9.700999999999999623e-01
2.139000000000000000e+04 9.717000000000000082e-01
2.140000000000000000e+04 9.728999999999999870e-01
2.141000000000000000e+04 9.738999999999999879e-01
2.142000000000000000e+04 9.743000000000000549e-01
2.143000000000000000e+04 9.751999999999999558e-01
2.144000000000000000e+04 9.777000000000000135e-01
2.145000000000000000e+04 9.798000000000000043e-01
2.146000000000000000e+04 9.807000000000000162e-01
2.147000000000000000e+04 9.798000000000000043e-01
2.148000000000000000e+04 9.804000000000000492e-01
2.149000000000000000e+04 9.811999999999999611e-01
2.150000000000000000e+04 9.825000000000000400e-01
2.151000000000000000e+04 9.816000000000000281e-01
2.152000000000000000e+04 9.814000000000000501e-01
2.153000000000000000e+04 9.816000000000000281e-01
2.154000000000000000e+04 9.817000000000000171e-01
2.155000000000000000e+04 9.805000000000000382e-01
2.156000000000000000e+04 9.798000000000000043e-01
2.157000000000000000e+04 9.814000000000000501e-01
2.158000000000000000e+04 9.810999999999999721e-01
2.159000000000000000e+04 9.808000000000000052e-01
2.160000000000000000e+04 9.787000000000000144e-01
2.161000000000000000e+04 9.777000000000000135e-01
2.162000000000000000e+04 9.749999999999999778e-01
2.163000000000000000e+04 9.731999999999999540e-01
2.164000000000000000e+04 9.728999999999999870e-01
2.165000000000000000e+04 9.717999999999999972e-01
2.166000000000000000e+04 9.710999999999999632e-01
2.167000000000000000e+04 9.694000000000000394e-01
2.168000000000000000e+04 9.693000000000000504e-01
2.169000000000000000e+04 9.669999999999999707e-01
2.170000000000000000e+04 9.650999999999999579e-01
2.171000000000000000e+04 9.636000000000000121e-01
2.172000000000000000e+04 9.631999999999999451e-01
2.173000000000000000e+04 9.627999999999999892e-01
2.174000000000000000e+04 9.637999999999999901e-01
2.175000000000000000e+04 9.636000000000000121e-01
2.176000000000000000e+04 9.654000000000000359e-01
2.177000000000000000e+04 9.646000000000000130e-01
2.178000000000000000e+04 9.654000000000000359e-01
2.179000000000000000e+04 9.645000000000000240e-01
2.180000000000000000e+04 9.643000000000000460e-01
2.181000000000000000e+04 9.636000000000000121e-01
2.182000000000000000e+04 9.627999999999999892e-01
2.183000000000000000e+04 9.636000000000000121e-01
2.184000000000000000e+04 9.649999999999999689e-01
2.185000000000000000e+04 9.677999999999999936e-01
2.186000000000000000e+04 9.687999999999999945e-01
2.187000000000000000e+04 9.685000000000000275e-01
2.188000000000000000e+04 9.678999999999999826e-01
2.189000000000000000e+04 9.686000000000000165e-01
2.190000000000000000e+04 9.693000000000000504e-01
2.191000000000000000e+04 9.703000000000000513e-01
2.192000000000000000e+04 9.701999999999999513e-01
2.193000000000000000e+04 9.703000000000000513e-01
2.194000000000000000e+04 9.710999999999999632e-01
2.195000000000000000e+04 9.713000000000000522e-01
2.196000000000000000e+04 9.720999999999999641e-01
2.197000000000000000e+04 9.729999999999999760e-01
2.198000000000000000e+04 9.749999999999999778e-01
2.199000000000000000e+04 9.765000000000000346e-01
2.200000000000000000e+04 9.771999999999999575e-01
2.201000000000000000e+04 9.768999999999999906e-01
2.202000000000000000e+04 9.788000000000000034e-01
2.203000000000000000e+04 9.795000000000000373e-01
2.204000000000000000e+04 9.804000000000000492e-01
2.205000000000000000e+04 9.794000000000000483e-01
2.206000000000000000e+04 9.772999999999999465e-01
2.207000000000000000e+04 9.738999999999999879e-01
2.208000000000000000e+04 9.693000000000000504e-01
2.209000000000000000e+04 9.646000000000000130e-01
2.210000000000000000e+04 9.577999999999999847e-01
2.211000000000000000e+04 9.495999999999999996e-01
2.212000000000000000e+04 9.392000000000000348e-01
2.213000000000000000e+04 9.250000000000000444e-01
2.214000000000000000e+04 9.080000000000000293e-01
2.215000000000000000e+04 8.871999999999999886e-01
2.216000000000000000e+04 8.643999999999999462e-01
2.217000000000000000e+04 8.372000000000000552e-01
2.218000000000000000e+04 8.072000000000000286e-01
2.219000000000000000e+04 7.741000000000000103e-01
2.220000000000000000e+04 7.382999999999999563e-01
2.221000000000000000e+04 6.999999999999999556e-01
2.222000000000000000e+04 6.594999999999999751e-01
2.223000000000000000e+04 6.161999999999999700e-01
2.224000000000000000e+04 5.715000000000000080e-01
2.225000000000000000e+04 5.273999999999999799e-01
2.226000000000000000e+04 4.852000000000000202e-01
2.227000000000000000e+04 4.452999999999999736e-01
2.228000000000000000e+04 4.077000000000000068e-01
2.229000000000000000e+04 3.731999999999999762e-01
2.230000000000000000e+04 3.408999999999999808e-01
2.231000000000000000e+04 3.113000000000000211e-01
2.232000000000000000e+04 2.842000000000000082e-01
2.233000000000000000e+04 2.587999999999999745e-01
2.234000000000000000e+04 2.351000000000000034e-01
2.235000000000000000e+04 2.129000000000000059e-01
2.236000000000000000e+04 1.920000000000000040e-01
2.237000000000000000e+04 1.723000000000000087e-01
2.238000000000000000e+04 1.539000000000000090e-01
2.239000000000000000e+04 1.371999999999999886e-01
2.240000000000000000e+04 1.217000000000000026e-01
2.241000000000000000e+04 1.078000000000000069e-01
2.242000000000000000e+04 9.525999999999999746e-02
2.243000000000000000e+04 8.394999999999999685e-02
2.244000000000000000e+04 7.369000000000000550e-02
2.245000000000000000e+04 6.454000000000000015e-02
2.246000000000000000e+04 5.643999999999999712e-02
2.247000000000000000e+04 4.938000000000000028e-02
2.248000000000000000e+04 4.315999999999999698e-02
2.249000000000000000e+04 3.772999999999999965e-02
2.250000000000000000e+04 3.295000000000000012e-02
2.251000000000000000e+04 2.876000000000000084e-02
2.252000000000000000e+04 2.513999999999999915e-02
2.253000000000000000e+04 2.198999999999999913e-02
2.254000000000000000e+04 1.923000000000000057e-02
2.255000000000000000e+04 1.683000000000000121e-02
2.256000000000000000e+04 1.469999999999999953e-02
2.257000000000000000e+04 1.288000000000000082e-02
2.258000000000000000e+04 1.128000000000000010e-02
2.259000000000000000e+04 9.898999999999999813e-03
2.260000000000000000e+04 8.677000000000000685e-03
2.261000000000000000e+04 7.628000000000000232e-03
2.262000000000000000e+04 6.708999999999999686e-03
2.263000000000000000e+04 5.918999999999999782e-03
2.264000000000000000e+04 5.220999999999999946e-03
2.265000000000000000e+04 4.611999999999999780e-03
2.266000000000000000e+04 4.067999999999999568e-03
2.267000000000000000e+04 3.605000000000000131e-03
2.268000000000000000e+04 3.197999999999999888e-03
2.269000000000000000e+04 2.847000000000000138e-03
2.270000000000000000e+04 2.533999999999999794e-03
2.271000000000000000e+04 2.269999999999999882e-03
2.272000000000000000e+04 2.031999999999999952e-03
2.273000000000000000e+04 1.830000000000000029e-03
2.274000000000000000e+04 1.644000000000000062e-03
2.275000000000000000e+04 1.487000000000000040e-03
2.276000000000000000e+04 1.342000000000000094e-03
2.277000000000000000e+04 1.219999999999999947e-03
2.278000000000000000e+04 1.110000000000000092e-03
2.279000000000000000e+04 1.013999999999999927e-03
2.280000000000000000e+04 9.238000000000000118e-04
2.281000000000000000e+04 8.446999999999999864e-04
2.282000000000000000e+04 7.720000000000000083e-04
2.283000000000000000e+04 7.119000000000000111e-04
2.284000000000000000e+04 6.549999999999999833e-04
2.285000000000000000e+04 6.049000000000000123e-04
2.286000000000000000e+04 5.536000000000000122e-04
2.287000000000000000e+04 5.127999999999999963e-04
2.288000000000000000e+04 4.716000000000000248e-04
2.289000000000000000e+04 4.368999999999999945e-04
2.290000000000000000e+04 4.037000000000000007e-04
2.291000000000000000e+04 3.734000000000000231e-04
2.292000000000000000e+04 3.453999999999999931e-04
2.293000000000000000e+04 3.176000000000000221e-04
2.294000000000000000e+04 2.951000000000000172e-04
2.295000000000000000e+04 2.738999999999999898e-04
2.296000000000000000e+04 2.575000000000000249e-04
2.297000000000000000e+04 2.383999999999999943e-04
2.298000000000000000e+04 2.246000000000000112e-04
2.299000000000000000e+04 2.086000000000000018e-04
2.300000000000000000e+04 1.956000000000000111e-04
2.301000000000000000e+04 1.804999999999999964e-04
2.302000000000000000e+04 1.703999999999999948e-04
2.303000000000000000e+04 1.596000000000000034e-04
2.304000000000000000e+04 1.495000000000000018e-04
2.305000000000000000e+04 1.399999999999999877e-04
2.306000000000000000e+04 1.327000000000000000e-04
2.307000000000000000e+04 1.251000000000000050e-04
2.308000000000000000e+04 1.162999999999999944e-04
2.309000000000000000e+04 1.106000000000000049e-04
2.310000000000000000e+04 1.045000000000000058e-04
2.311000000000000000e+04 9.911000000000000484e-05
2.312000000000000000e+04 9.123000000000000575e-05
2.313000000000000000e+04 8.495999999999999971e-05
2.314000000000000000e+04 7.959999999999999682e-05
2.315000000000000000e+04 7.577000000000000130e-05
2.316000000000000000e+04 7.179999999999999696e-05
2.317000000000000000e+04 6.907999999999999590e-05
2.318000000000000000e+04 6.499999999999999431e-05
2.319000000000000000e+04 6.197999999999999950e-05
2.320000000000000000e+04 5.840000000000000329e-05
2.321000000000000000e+04 5.802999999999999836e-05
2.322000000000000000e+04 5.721999999999999764e-05
2.323000000000000000e+04 5.542000000000000132e-05
2.324000000000000000e+04 5.119999999999999768e-05
2.325000000000000000e+04 4.880000000000000033e-05
2.326000000000000000e+04 4.580000000000000195e-05
2.327000000000000000e+04 4.483999999999999759e-05
2.328000000000000000e+04 4.274000000000000076e-05
2.329000000000000000e+04 4.241999999999999704e-05
2.330000000000000000e+04 4.008000000000000251e-05
2.331000000000000000e+04 3.885999999999999725e-05
2.332000000000000000e+04 3.700999999999999971e-05
2.333000000000000000e+04 3.547999999999999911e-05
2.334000000000000000e+04 3.435000000000000146e-05
2.335000000000000000e+04 3.369999999999999922e-05
2.336000000000000000e+04 3.300999999999999735e-05
2.337000000000000000e+04 3.236000000000000188e-05
2.338000000000000000e+04 3.125000000000000065e-05
2.339000000000000000e+04 3.019000000000000063e-05
2.340000000000000000e+04 2.871999999999999946e-05
2.341000000000000000e+04 2.767999999999999926e-05
2.342000000000000000e+04 2.864999999999999844e-05
2.343000000000000000e+04 2.839999999999999914e-05
2.344000000000000000e+04 2.875000000000000087e-05
2.345000000000000000e+04 2.727000000000000149e-05
2.346000000000000000e+04 2.676000000000000129e-05
2.347000000000000000e+04 2.546999999999999839e-05
2.348000000000000000e+04 2.476000000000000011e-05
2.349000000000000000e+04 2.508999999999999864e-05
2.350000000000000000e+04 2.519999999999999928e-05
2.351000000000000000e+04 2.407000000000000163e-05
2.352000000000000000e+04 2.298999999999999842e-05
2.353000000000000000e+04 2.247000000000000001e-05
2.354000000000000000e+04 2.265000000000000167e-05
2.355000000000000000e+04 2.252000000000000123e-05
2.356000000000000000e+04 2.137000000000000038e-05
2.357000000000000000e+04 2.173999999999999853e-05
2.358000000000000000e+04 2.137000000000000038e-05
2.359000000000000000e+04 2.239000000000000078e-05
2.360000000000000000e+04 2.328999999999999894e-05
2.361000000000000000e+04 2.313000000000000047e-05
2.362000000000000000e+04 2.296999999999999861e-05
2.363000000000000000e+04 2.233000000000000135e-05
2.364000000000000000e+04 2.292999999999999899e-05
2.365000000000000000e+04 2.377999999999999933e-05
2.366000000000000000e+04 2.339000000000000137e-05
2.367000000000000000e+04 2.273000000000000091e-05
2.368000000000000000e+04 2.156000000000000025e-05
2.369000000000000000e+04 2.224000000000000052e-05
2.370000000000000000e+04 2.178999999999999974e-05
2.371000000000000000e+04 2.197000000000000141e-05
2.372000000000000000e+04 2.173000000000000032e-05
2.373000000000000000e+04 2.256999999999999905e-05
2.374000000000000000e+04 2.290999999999999919e-05
2.375000000000000000e+04 2.301999999999999983e-05
2.376000000000000000e+04 2.351000000000000022e-05
2.377000000000000000e+04 2.515000000000000146e-05
2.378000000000000000e+04 2.407999999999999984e-05
2.379000000000000000e+04 2.375999999999999952e-05
2.380000000000000000e+04 2.131999999999999916e-05
2.381000000000000000e+04 2.313000000000000047e-05
2.382000000000000000e+04 2.224000000000000052e-05
2.383000000000000000e+04 2.235999999999999937e-05
2.384000000000000000e+04 2.053999999999999985e-05
2.385000000000000000e+04 2.254999999999999924e-05
2.386000000000000000e+04 2.309999999999999906e-05
2.387000000000000000e+04 2.481000000000000132e-05
2.388000000000000000e+04 2.510000000000000024e-05
2.389000000000000000e+04 2.464999999999999947e-05
2.390000000000000000e+04 2.360000000000000105e-05
2.391000000000000000e+04 2.182999999999999936e-05
2.392000000000000000e+04 2.345999999999999900e-05
2.393000000000000000e+04 2.470999999999999889e-05
2.394000000000000000e+04 2.597999999999999859e-05
2.395000000000000000e+04 2.489000000000000056e-05
2.396000000000000000e+04 2.396000000000000099e-05
2.397000000000000000e+04 2.222000000000000071e-05
2.398000000000000000e+04 2.279000000000000033e-05
2.399000000000000000e+04 2.407000000000000163e-05
2.400000000000000000e+04 2.574999999999999910e-05
2.401000000000000000e+04 2.587999999999999955e-05
2.402000000000000000e+04 2.542000000000000056e-05
2.403000000000000000e+04 2.472000000000000049e-05
2.404000000000000000e+04 2.404000000000000023e-05
2.405000000000000000e+04 2.419000000000000048e-05
2.406000000000000000e+04 2.648000000000000058e-05
2.407000000000000000e+04 2.701000000000000059e-05
2.408000000000000000e+04 2.856999999999999920e-05
2.409000000000000000e+04 2.805999999999999901e-05
2.410000000000000000e+04 2.822999999999999907e-05
2.411000000000000000e+04 2.597000000000000038e-05
2.412000000000000000e+04 2.423000000000000010e-05
2.413000000000000000e+04 2.387999999999999837e-05
2.414000000000000000e+04 2.349999999999999862e-05
2.415000000000000000e+04 2.566000000000000166e-05
2.416000000000000000e+04 2.523000000000000069e-05
2.417000000000000000e+04 2.546999999999999839e-05
2.418000000000000000e+04 2.546000000000000018e-05
2.419000000000000000e+04 2.665999999999999886e-05
2.420000000000000000e+04 2.826999999999999869e-05
2.421000000000000000e+04 2.945999999999999915e-05
2.422000000000000000e+04 3.136999999999999950e-05
2.423000000000000000e+04 3.028999999999999968e-05
2.424000000000000000e+04 3.075000000000000205e-05
2.425000000000000000e+04 2.962999999999999922e-05
2.426000000000000000e+04 3.160000000000000238e-05
2.427000000000000000e+04 2.947000000000000075e-05
2.428000000000000000e+04 2.966999999999999884e-05
2.429000000000000000e+04 2.951000000000000037e-05
2.430000000000000000e+04 2.886999999999999972e-05
2.431000000000000000e+04 3.080999999999999809e-05
2.432000000000000000e+04 3.070000000000000083e-05
2.433000000000000000e+04 3.398000000000000331e-05
2.434000000000000000e+04 3.343999999999999832e-05
2.435000000000000000e+04 3.580000000000000283e-05
2.436000000000000000e+04 3.313000000000000298e-05
2.437000000000000000e+04 3.432999999999999827e-05
2.438000000000000000e+04 3.253000000000000195e-05
2.439000000000000000e+04 3.363000000000000158e-05
2.440000000000000000e+04 3.572999999999999841e-05
2.441000000000000000e+04 3.664000000000000156e-05
2.442000000000000000e+04 3.973000000000000078e-05
2.443000000000000000e+04 3.867000000000000076e-05
2.444000000000000000e+04 3.855000000000000191e-05
2.445000000000000000e+04 3.677999999999999683e-05
2.446000000000000000e+04 3.529000000000000263e-05
2.447000000000000000e+04 3.482999999999999687e-05
2.448000000000000000e+04 3.503000000000000173e-05
2.449000000000000000e+04 3.597000000000000289e-05
2.450000000000000000e+04 3.714000000000000016e-05
2.451000000000000000e+04 3.759999999999999915e-05
2.452000000000000000e+04 3.703000000000000291e-05
2.453000000000000000e+04 3.732999999999999665e-05
2.454000000000000000e+04 3.543999999999999950e-05
2.455000000000000000e+04 3.755999999999999953e-05
2.456000000000000000e+04 3.731000000000000023e-05
2.457000000000000000e+04 4.301000000000000325e-05
2.458000000000000000e+04 4.360000000000000269e-05
2.459000000000000000e+04 4.479999999999999797e-05
2.460000000000000000e+04 4.330999999999999699e-05
2.461000000000000000e+04 4.558000000000000067e-05
2.462000000000000000e+04 4.476999999999999995e-05
2.463000000000000000e+04 4.418000000000000052e-05
2.464000000000000000e+04 3.838999999999999666e-05
2.465000000000000000e+04 3.998000000000000008e-05
2.466000000000000000e+04 3.779000000000000241e-05
2.467000000000000000e+04 4.162999999999999952e-05
2.468000000000000000e+04 4.237999999999999743e-05
2.469000000000000000e+04 4.450999999999999906e-05
2.470000000000000000e+04 4.352999999999999827e-05
2.471000000000000000e+04 4.624999999999999934e-05
2.472000000000000000e+04 4.652999999999999666e-05
2.473000000000000000e+04 4.966999999999999709e-05
2.474000000000000000e+04 4.614000000000000208e-05
2.475000000000000000e+04 4.961000000000000105e-05
2.476000000000000000e+04 4.797000000000000320e-05
2.477000000000000000e+04 4.780000000000000313e-05
2.478000000000000000e+04 4.660000000000000107e-05
2.479000000000000000e+04 4.730999999999999935e-05
2.480000000000000000e+04 5.195000000000000236e-05
2.481000000000000000e+04 5.308000000000000001e-05
2.482000000000000000e+04 5.162999999999999865e-05
2.483000000000000000e+04 4.839000000000000256e-05
2.484000000000000000e+04 4.486000000000000079e-05
2.485000000000000000e+04 4.420999999999999854e-05
2.486000000000000000e+04 4.513000000000000328e-05
2.487000000000000000e+04 4.712999999999999769e-05
2.488000000000000000e+04 5.136999999999999775e-05
2.489000000000000000e+04 5.537000000000000011e-05
2.490000000000000000e+04 5.942999999999999851e-05
2.491000000000000000e+04 5.886999999999999709e-05
2.492000000000000000e+04 5.793999999999999753e-05
2.493000000000000000e+04 5.831000000000000245e-05
2.494000000000000000e+04 5.526000000000000286e-05
2.495000000000000000e+04 5.420000000000000284e-05
2.496000000000000000e+04 5.161000000000000223e-05
2.497000000000000000e+04 5.793000000000000270e-05
2.498000000000000000e+04 5.750000000000000174e-05
2.499000000000000000e+04 5.890000000000000189e-05
2.500000000000000000e+04 5.518999999999999844e-05
2.501000000000000000e+04 5.332999999999999931e-05
2.502000000000000000e+04 5.801000000000000194e-05
2.503000000000000000e+04 6.059000000000000095e-05
2.504000000000000000e+04 6.472000000000000376e-05
2.505000000000000000e+04 6.073000000000000300e-05
2.506000000000000000e+04 6.250000000000000130e-05
2.507000000000000000e+04 6.517999999999999597e-05
2.508000000000000000e+04 6.430000000000000440e-05
2.509000000000000000e+04 6.511999999999999993e-05
2.510000000000000000e+04 7.059000000000000008e-05
2.511000000000000000e+04 7.399000000000000141e-05
2.512000000000000000e+04 7.490000000000000455e-05
2.513000000000000000e+04 6.964999999999999891e-05
2.514000000000000000e+04 6.838000000000000599e-05
2.515000000000000000e+04 7.098000000000000143e-05
2.516000000000000000e+04 6.789000000000000221e-05
2.517000000000000000e+04 7.223000000000000470e-05
2.518000000000000000e+04 7.135999999999999440e-05
2.519000000000000000e+04 7.718999999999999787e-05
