1.000000000000000000e+03 8.094753670924560905e-24
1.004620421346812691e+03 8.555897405792348610e-24
1.009262190987047688e+03 9.040513207708567119e-24
1.013925407558815095e+03 9.549635446090698704e-24
1.018610170155975766e+03 1.008433569488316177e-23
1.023316578330244852e+03 1.064572367451737007e-23
1.028044732093309221e+03 1.123494820055536779e-23
1.032794731918951811e+03 1.185319813828800173e-23
1.037566678745185754e+03 1.250170336252780585e-23
1.042360673976401813e+03 1.318173572180262952e-23
1.047176819485520127e+03 1.389461000612052642e-23
1.052015217616158452e+03 1.464168491744918157e-23
1.056875971184804257e+03 1.542436404201266156e-23
1.061759183482999788e+03 1.624409682348228245e-23
1.066664958279539178e+03 1.710237953610231412e-23
1.071593399822671017e+03 1.800075625675926795e-23
1.076544612842315246e+03 1.894081983497505564e-23
1.081518702552288460e+03 1.992421285976761142e-23
1.086515774652538084e+03 2.095262862229854541e-23
1.091535935331391556e+03 2.202781207319143771e-23
1.096579291267809822e+03 2.315156077337839832e-23
1.101645949633656528e+03 2.432572694706655003e-23
1.106736018095973805e+03 2.555228484797147277e-23
1.111849604819270780e+03 2.683313307833056989e-23
1.116986818467823241e+03 2.817028948481714414e-23
1.122147768207980334e+03 2.956582916621817751e-23
1.127332563710486738e+03 3.102188536094604609e-23
1.132541315152811649e+03 3.254065031934516846e-23
1.137774133221490956e+03 3.412437615945294518e-23
1.143031129114479199e+03 3.577537570484300814e-23
1.148312414543511068e+03 3.749602330316729934e-23
1.153618101736478366e+03 3.928875562399039439e-23
1.158948303439811070e+03 4.115607243449531525e-23
1.164303132920876578e+03 4.310053735162657050e-23
1.169682703970385319e+03 4.512477856921717701e-23
1.175087130904807509e+03 4.723148955864060431e-23
1.180516528568805143e+03 4.942342974151488812e-23
1.185971012337669663e+03 5.170342513297813117e-23
1.191450698119776007e+03 5.407436895404753869e-23
1.196955702359043471e+03 5.653922221156983366e-23
1.202486142037412264e+03 5.910101424426738220e-23
1.208042134677328704e+03 6.176284323338042752e-23
1.213623798344240868e+03 6.452787667641241334e-23
1.219231251649110845e+03 6.739935182248037059e-23
1.224864613750931312e+03 7.038057606778109806e-23
1.230524004359261653e+03 7.347492730969375398e-23
1.236209543736768865e+03 7.668585425803686580e-23
1.241921352701783690e+03 8.001687670202031133e-23
1.247659552630869712e+03 8.347158573144120578e-23
1.253424265461399955e+03 8.705364391068206849e-23
1.259215613694150989e+03 9.076678540409950046e-23
1.265033720395903629e+03 9.461481605139276798e-23
1.270878709202058417e+03 9.860161339158083104e-23
1.276750704319265878e+03 1.027311266342321661e-22
1.282649830528060647e+03 1.070073765766106347e-22
1.288576213185518100e+03 1.114344554654431779e-22
1.294529978227915763e+03 1.160165268020324922e-22
1.300511252173408820e+03 1.207578250894776784e-22
1.306520162124721310e+03 1.256626555207962411e-22
1.312556835771843453e+03 1.307353936068421350e-22
1.318621401394748318e+03 1.359804847439496566e-22
1.324713987866117122e+03 1.414024437665468293e-22
1.330834724654074989e+03 1.470058543984051126e-22
1.336983741824946719e+03 1.527953708123328435e-22
1.343161170046016196e+03 1.587757064637865861e-22
1.349367140588306484e+03 1.649517049740620361e-22
1.355601785329368568e+03 1.713283742243418112e-22
1.361865236756081913e+03 1.779109059778899610e-22
1.368157627967472081e+03 1.847043741215784702e-22
1.374479092677537437e+03 1.917232847107326765e-22
1.380829765218092234e+03 1.989764655642736407e-22
1.387209780541620603e+03 2.064403133947339692e-22
1.393619274224142373e+03 2.141567904922565586e-22
1.400058382468097534e+03 2.220728232307271174e-22
1.406527242105237065e+03 2.308626052168083111e-22
1.413025990599533770e+03 2.392650133050027702e-22
1.419554766050101307e+03 2.495371723337241047e-22
1.426113707194128665e+03 2.582308610180051811e-22
1.432702953409831025e+03 2.703036293680650819e-22
1.439322644719407208e+03 2.850152443786894405e-22
1.445972921792019406e+03 2.925237081743462947e-22
1.452653925946780873e+03 3.123113852473988286e-22
1.459365799155756577e+03 3.294542979742380216e-22
1.466108684046984536e+03 3.416311275455827127e-22
1.472882723907502623e+03 3.299046679213611147e-22
1.479688062686396279e+03 3.436368329255445905e-22
1.486524844997856917e+03 4.103898968854746912e-22
1.493393216124252149e+03 4.435516089056550842e-22
1.500293322019218294e+03 4.467322708088605595e-22
1.507225309310756302e+03 5.569514931730789589e-22
1.514189325304351996e+03 5.244070292456227375e-22
1.521185517986104514e+03 6.255204526466008511e-22
1.528214036025869973e+03 5.829129554011897476e-22
1.535275028780422645e+03 6.027898529055739993e-22
1.542368646296628185e+03 7.106648046552647949e-22
1.549495039314631640e+03 8.152031263687925497e-22
1.556654359271061594e+03 7.388679154605583448e-22
1.563846758302247054e+03 7.104012940175155942e-22
1.571072389247450474e+03 9.964900216706453093e-22
1.578331405652117155e+03 1.039001806814390965e-21
1.585623961771137147e+03 1.066688407340860164e-21
1.592950212572122609e+03 1.127254040593498906e-21
1.600310313738700870e+03 1.534249441399218168e-21
1.607704421673823617e+03 1.564654602996624568e-21
1.615132693503090422e+03 1.721314935183684636e-21
1.622595287078087495e+03 1.610101275586755116e-21
1.630092360979740761e+03 1.709834471526903316e-21
1.637624074521688044e+03 2.400324444374157756e-21
1.645190587753662385e+03 2.437301387689457258e-21
1.652792061464894687e+03 1.022924106704374017e-21
1.660428657187530234e+03 3.144393009917264807e-21
1.668100537200058852e+03 3.729564152915303215e-21
1.675807864530767802e+03 4.001726824965116008e-21
1.683550802961202407e+03 4.933701439633001732e-21
1.691329517029648059e+03 4.194137442372303442e-21
1.699144172034626536e+03 5.752615935099085422e-21
1.706994934038407564e+03 6.288778211262791046e-21
1.714881969870539933e+03 7.891658391562883134e-21
1.722805447131393976e+03 9.954789877762014344e-21
1.730765534195724740e+03 1.219797854380758285e-20
1.738762400216250853e+03 1.499531332124452928e-20
1.746796215127245432e+03 1.734356469314857063e-20
1.754867149648151099e+03 5.984546265864367267e-20
1.762975375287205679e+03 7.883217581602025611e-20
1.771121064345087916e+03 1.316952427590443049e-19
1.779304389918577954e+03 1.670360856487880554e-19
1.787525525904234883e+03 1.136776881494687465e-19
1.795784647002095880e+03 1.753608945480223492e-19
1.804081928719382631e+03 8.636369491180347057e-20
1.812417547374236847e+03 9.814763363227263091e-20
1.820791680099462837e+03 1.280106101227226171e-19
1.829204504846293275e+03 1.989209385408332254e-19
1.837656200388171328e+03 1.734853369987424357e-19
1.846146946324547571e+03 1.267396317198502845e-19
1.854676923084698501e+03 1.589227082432995821e-19
1.863246311931560285e+03 2.638737181688097339e-19
1.871855294965578651e+03 2.540615412171861936e-19
1.880504055128582650e+03 2.495396718475817045e-19
1.889192776207666384e+03 2.559700489483345418e-19
1.897921642839100514e+03 1.874086100035930038e-19
1.906690840512252407e+03 2.527526827540185169e-19
1.915500555573527890e+03 2.311573693785733663e-19
1.924350975230331187e+03 1.796829900932735870e-19
1.933242287555045323e+03 1.530513816940119119e-19
1.942174681489025261e+03 2.178265465462112345e-19
1.951148346846616732e+03 1.844846222016234346e-19
1.960163474319185752e+03 2.120265204094848353e-19
1.969220255479172465e+03 2.210475459468075381e-19
1.978318882784164316e+03 1.249339588636942187e-19
1.987459549580982639e+03 1.893619759851418502e-19
1.996642450109794027e+03 1.991638563703065130e-19
2.005867779508233752e+03 1.753259777176702641e-19
2.015135733815557614e+03 1.330699231444347733e-19
2.024446509976803782e+03 2.516208613299255648e-19
2.033800305846981018e+03 2.706127972344826397e-19
2.043197320195271004e+03 3.305629041592139696e-19
2.052637752709252254e+03 3.263321607649304581e-19
2.062121803999143594e+03 3.181735133439268611e-19
2.071649675602068783e+03 3.486911098770964880e-19
2.081221569986338181e+03 3.479821701778174354e-19
2.090837690555750669e+03 2.830117069353271596e-19
2.100498241653915102e+03 3.180256755333061183e-19
2.110203428568595427e+03 3.211454909925841086e-19
2.119953457536070800e+03 2.925427107855914747e-19
2.129748535745520257e+03 2.800347722485086227e-19
2.139588871343422397e+03 3.406639276174141216e-19
2.149474673437980528e+03 2.906379695861590189e-19
2.159406152103566455e+03 2.836517357549413953e-19
2.169383518385184288e+03 2.902894368310346016e-19
2.179406984302954697e+03 2.459118474387011444e-19
2.189476762856621008e+03 2.556700337897608034e-19
2.199593068030074846e+03 3.148801094068346251e-19
2.209756114795902249e+03 2.823154118091819275e-19
2.219966119119954783e+03 2.706069724918418108e-19
2.230223297965937491e+03 2.779555875323952678e-19
2.240527869300018665e+03 2.917100293232266626e-19
2.250880052095461451e+03 2.968662704548147710e-19
2.261280066337278186e+03 2.720558273659808487e-19
2.271728133026905198e+03 2.654181375309190858e-19
2.282224474186897623e+03 2.798729727674995449e-19
2.292769312865649226e+03 2.706171097398398678e-19
2.303362873142131320e+03 2.819713050549818844e-19
2.314005380130653066e+03 2.469879959282718550e-19
2.324697059985647684e+03 2.256050541031308237e-19
2.335438139906478682e+03 2.497424417701128852e-19
2.346228848142262905e+03 2.309885402707904932e-19
2.357069413996727690e+03 1.888046691671201480e-19
2.367960067833077574e+03 1.421825555821901865e-19
2.378901041078893286e+03 2.701903930305640304e-19
2.389892566231049841e+03 2.127353359927864971e-19
2.400934876860652366e+03 2.038743811826756975e-19
2.412028207618006945e+03 2.136331481101993726e-19
2.423172794237599192e+03 2.327405282048918697e-19
2.434368873543110567e+03 2.413333309678723625e-19
2.445616683452446068e+03 2.377652681088598913e-19
2.456916462982791018e+03 2.330378675955376028e-19
2.468268452255692409e+03 2.144109113957120835e-19
2.479672892502158902e+03 2.257265037161362316e-19
2.491130026067788549e+03 2.294709606228665750e-19
2.502640096417918357e+03 2.143551873241641943e-19
2.514203348142797040e+03 1.995754062025496355e-19
2.525820026962784596e+03 2.154487895618151567e-19
2.537490379733570080e+03 2.430027721434324342e-19
2.549214654451423030e+03 2.167416926891177530e-19
2.560993100258458526e+03 2.214407547774945356e-19
2.572825967447933635e+03 1.952864396080826253e-19
2.584713507469563865e+03 1.909434735781753053e-19
2.596655972934870988e+03 2.204532877887900301e-19
2.608653617622547699e+03 1.965061469392532725e-19
2.620706696483851374e+03 2.276725902940098535e-19
2.632815465648021473e+03 2.150851069129140916e-19
2.644980182427719683e+03 1.963516537516335339e-19
2.657201105324505534e+03 2.051918975159441768e-19
2.669478494034320647e+03 2.215071066937317973e-19
2.681812609453014829e+03 2.052659656514308047e-19
2.694203713681883528e+03 2.040396472086001124e-19
2.706652070033241216e+03 1.971792781353445439e-19
2.719157943036017514e+03 2.014100115294616955e-19
2.731721598441376045e+03 1.848685016188215105e-19
2.744343303228364675e+03 1.844763471061972171e-19
2.757023325609583935e+03 1.845975332474348752e-19
2.769761935036890918e+03 1.987550105530168445e-19
2.782559402207124094e+03 1.714246627929450050e-19
2.795415999067856319e+03 1.668645155232228773e-19
2.808331998823171944e+03 1.910528553367440003e-19
2.821307675939472119e+03 1.755194654522327854e-19
2.834343306151309207e+03 1.735756205179310238e-19
2.847439166467246196e+03 1.854214192496588043e-19
2.860595535175741588e+03 1.855618783414446160e-19
2.873812691851065210e+03 1.605020198233921616e-19
2.887090917359236300e+03 1.850602554782830586e-19
2.900430493863992069e+03 1.819252092773237142e-19
2.913831704832787182e+03 1.729422658141859362e-19
2.927294835042815521e+03 1.741297639683917012e-19
2.940820170587062876e+03 1.711598894217477612e-19
2.954407998880381001e+03 1.737605695700078984e-19
2.968058608665602605e+03 1.761784797359797367e-19
2.981772290019671800e+03 1.573056849195930688e-19
2.995549334359813201e+03 1.657552500297250941e-19
3.009390034449720588e+03 1.663306383321170134e-19
3.023294684405777843e+03 1.637028082439902053e-19
3.037263579703311734e+03 1.722906559578919923e-19
3.051297017182869240e+03 1.532418209808943892e-19
3.065395295056526720e+03 1.544992221556651312e-19
3.079558712914225907e+03 1.581254757109166334e-19
3.093787571730138097e+03 1.622510749066514356e-19
3.108082173869063809e+03 1.542083680624830868e-19
3.122442823092856543e+03 1.626756288181662897e-19
3.136869824566877469e+03 1.563619851097040579e-19
3.151363484866478302e+03 1.558405513756825424e-19
3.165924111983522380e+03 1.581866432502804644e-19
3.180552015332919837e+03 1.553675166386778861e-19
3.195247505759211890e+03 1.535349823693481172e-19
3.210010895543172410e+03 1.503544294854396877e-19
3.224842498408441315e+03 1.528788701356266727e-19
3.239742629528197085e+03 1.499621116550957071e-19
3.254711605531847908e+03 1.457664249846323191e-19
3.269749744511766039e+03 1.423321527431478586e-19
3.284857366030044432e+03 1.452895882138845082e-19
3.300034791125284301e+03 1.416210708742843635e-19
3.315282342319424970e+03 1.382423467972943225e-19
3.330600343624588277e+03 1.389952760696323203e-19
3.345989120549972995e+03 1.395203489926430623e-19
3.361449000108766086e+03 1.397351518155723446e-19
3.376980310825090783e+03 1.338468948804350330e-19
3.392583382740993329e+03 1.347570276338016233e-19
3.408258547423451546e+03 1.305088057221070121e-19
3.424006137971423868e+03 1.162001955946314462e-19
3.439826489022925216e+03 1.251118986095913673e-19
3.455719936762138332e+03 1.230991000041743136e-19
3.471686818926561500e+03 1.255705845551408681e-19
3.487727474814177185e+03 1.210730111777761886e-19
3.503842245290674327e+03 1.213273671039851728e-19
3.520031472796679736e+03 1.171907516610395186e-19
3.536295501355041779e+03 1.195505835247234568e-19
3.552634676578141352e+03 1.163877976521536339e-19
3.569049345675229688e+03 1.166048384433024911e-19
3.585539857459816176e+03 1.178956693920813500e-19
3.602106562357070743e+03 1.145839536813238213e-19
3.618749812411279436e+03 1.165697400693647960e-19
3.635469961293319557e+03 1.150661254527249975e-19
3.652267364308175274e+03 1.096007569549283245e-19
3.669142378402492795e+03 1.070600325694838477e-19
3.686095362172158730e+03 1.081722647158115688e-19
3.703126675869926203e+03 1.033952879649346877e-19
3.720236681413067799e+03 1.077009512835361836e-19
3.737425742391063977e+03 1.024827952337799952e-19
3.754694224073336045e+03 1.036624581469702157e-19
3.772042493416998241e+03 1.005999447382839831e-19
3.789470919074666654e+03 9.994074598866207157e-20
3.806979871402286335e+03 9.837145767176740920e-20
3.824569722466998883e+03 9.991915601753988971e-20
3.842240846055060047e+03 9.866440819956966067e-20
3.859993617679768249e+03 1.002822896065605834e-19
3.877828414589456315e+03 9.919531032439178383e-20
3.895745615775503211e+03 9.813535532093192930e-20
3.913745601980383981e+03 9.595207588229866360e-20
3.931828755705769254e+03 9.497239972850795094e-20
3.949995461220643847e+03 9.546161718412229305e-20
3.968246104569480394e+03 9.515545234246630734e-20
3.986581073580440716e+03 9.727970306006600241e-20
4.005000757873611292e+03 9.652512727376082646e-20
4.023505548869292397e+03 9.279559223338957943e-20
4.042095839796306791e+03 9.375767946384110664e-20
4.060772025700365248e+03 9.276739293065271380e-20
4.079534503452451190e+03 9.058493013901599213e-20
4.098383671757261254e+03 9.052014457350182254e-20
4.117319931161678142e+03 8.846060923378363821e-20
4.136343684063274850e+03 8.794640765261217107e-20
4.155455334718875747e+03 8.907391986616395213e-20
4.174655289253137198e+03 8.411638090178699062e-20
4.193943955667186856e+03 8.378570845691344585e-20
4.213321743847288417e+03 8.416187141588685787e-20
4.232789065573549124e+03 8.516706154135441719e-20
4.252346334528681837e+03 8.364771317237719643e-20
4.271993966306778930e+03 7.665372919089133632e-20
4.291732378422157126e+03 7.847499263803550921e-20
4.311561990318226890e+03 8.271764373516875896e-20
4.331483223376399110e+03 8.251690093435208959e-20
4.351496500925049986e+03 8.026408334683041261e-20
4.371602248248504111e+03 7.921281007997107677e-20
4.391800892596085760e+03 7.829036299524385761e-20
4.412092863191188371e+03 7.946661878961194580e-20
4.432478591240396781e+03 7.829169801647593159e-20
4.452958509942655837e+03 7.797061694893274433e-20
4.473533054498465390e+03 7.691304072802901620e-20
4.494202662119142587e+03 7.816866834881906881e-20
4.514967772036100541e+03 7.667547694075196865e-20
4.535828825510187926e+03 7.568042143936086747e-20
4.556786265841064051e+03 7.547806488338206029e-20
4.577840538376618497e+03 7.499161847612009129e-20
4.598992090522438957e+03 7.461782337574248128e-20
4.620241371751311817e+03 7.409904698420174475e-20
4.641588833612778217e+03 7.343744069874092227e-20
4.663034929742731038e+03 7.269318300738247001e-20
4.684580115873047362e+03 7.223613182558521838e-20
4.706224849841281866e+03 7.140532953396324416e-20
4.727969591600389322e+03 7.068461312465436390e-20
4.749814803228500750e+03 7.034672115135068756e-20
4.771760948938745969e+03 6.960187051658226552e-20
4.793808495089108874e+03 6.801107325292556231e-20
4.815957910192351846e+03 6.830111367483446039e-20
4.838209664925955622e+03 6.709906419981576709e-20
4.860564232142134642e+03 6.714976629066232883e-20
4.883022086877879701e+03 6.697794726255185895e-20
4.905583706365047874e+03 6.639716985783896875e-20
4.928249570040515209e+03 6.594608603059891943e-20
4.951020159556350336e+03 6.525396101833802427e-20
4.973895958790063560e+03 6.436359310392567690e-20
4.996877453854884152e+03 6.349000501106895758e-20
5.019965133110081297e+03 6.302403986533050317e-20
5.043159487171360524e+03 6.279234926411097772e-20
5.066461008921266512e+03 6.216680257779993709e-20
5.089870193519681379e+03 6.181144707028604379e-20
5.113387538414325718e+03 6.125462461475210869e-20
5.137013543351340559e+03 6.087268447013980302e-20
5.160748710385908453e+03 6.074716745919685511e-20
5.184593543892910930e+03 6.006815386135252183e-20
5.208548550577661445e+03 5.991540049603108391e-20
5.232614239486661063e+03 5.860513780246245950e-20
5.256791122018421447e+03 5.800895223738929800e-20
5.281079711934332408e+03 5.973583207904576613e-20
5.305480525369572206e+03 5.873915099058958055e-20
5.329994080844089694e+03 5.779154539112842165e-20
5.354620899273607392e+03 5.718759677809506529e-20
5.379361503980700945e+03 5.674583865983099048e-20
5.404216420705915880e+03 5.641512205796842492e-20
5.429186177618940746e+03 5.615505339139901522e-20
5.454271305329833012e+03 5.568920647251432128e-20
5.479472336900287701e+03 5.486492932778030311e-20
5.504789807854970604e+03 5.403287053338459837e-20
5.530224256192901521e+03 5.354335618553384579e-20
5.555776222398875689e+03 5.328031457820156682e-20
5.581446249454963436e+03 5.288281565337089262e-20
5.607234882852032570e+03 5.219976015180887286e-20
5.633142670601354439e+03 5.167134402042511744e-20
5.659170163246244556e+03 5.165730912325910057e-20
5.685317913873752332e+03 5.183631091092343174e-20
5.711586478126432667e+03 5.169798732510124507e-20
5.737976414214133911e+03 5.105094236518667440e-20
5.764488282925875865e+03 5.018221104794059804e-20
5.791122647641759613e+03 4.951322792780363122e-20
5.817880074344934656e+03 4.923496468141206635e-20
5.844761131633634250e+03 4.919398468330561799e-20
5.871766390733255321e+03 4.911127004724235032e-20
5.898896425508496577e+03 4.887657574749057244e-20
5.926151812475553925e+03 4.848666147571432829e-20
5.953533130814368633e+03 4.818105980274800441e-20
5.981040962380940982e+03 4.816982350537168527e-20
6.008675891719686661e+03 4.820339672454861048e-20
6.036438506075867735e+03 4.790962805275916603e-20
6.064329395408063647e+03 4.745265570447426013e-20
6.092349152400710409e+03 4.697537033225501257e-20
6.120498372476698933e+03 4.617253977659417009e-20
6.148777653810023367e+03 4.508252168998663704e-20
6.177187597338491287e+03 4.430263414557608023e-20
6.205728806776501187e+03 4.405253782419165481e-20
6.234401888627861808e+03 4.378644042573458430e-20
6.263207452198688770e+03 4.338427078327655387e-20
6.292146109610343956e+03 4.326120145113005410e-20
6.321218475812451288e+03 4.328625494998043839e-20
6.350425168595963441e+03 4.323691352993387133e-20
6.379766808606281302e+03 4.311952900327888539e-20
6.409244019356453464e+03 4.295941096880560091e-20
6.438857427240419383e+03 4.269344168529666271e-20
6.468607661546326199e+03 4.227768963472984508e-20
6.498495354469890117e+03 4.183349636950767402e-20
6.528521141127845112e+03 4.141799760270817668e-20
6.558685659571431643e+03 4.100295066174869511e-20
6.588989550799949939e+03 4.056577795129684805e-20
6.619433458774393330e+03 4.021962890670154962e-20
6.650018030431119769e+03 3.996668702365129540e-20
6.680743915695612486e+03 4.055039762320696929e-20
6.711611767496284301e+03 4.047164500758799880e-20
6.742622241778341959e+03 4.012743306327237928e-20
6.773775997517750511e+03 3.978517325059854010e-20
6.805073696735207704e+03 3.954265015528116246e-20
6.836516004510236598e+03 3.934339821020764933e-20
6.868103588995303653e+03 3.919587681447108111e-20
6.899837121430017760e+03 3.904068410668714163e-20
6.931717276155405671e+03 3.877640093203736912e-20
6.963744730628223806e+03 3.847812912805934823e-20
6.995920165435372837e+03 3.827234975691124620e-20
7.028244264308348647e+03 3.810431787155543025e-20
7.060717714137773328e+03 3.790819285165040608e-20
7.093341204987995297e+03 3.765117607131862602e-20
7.126115430111746718e+03 3.735227131898271023e-20
7.159041085964886406e+03 3.706799882496778993e-20
7.192118872221189122e+03 3.674330381382727168e-20
7.225349491787213992e+03 3.633555467157535934e-20
7.258733650817252055e+03 3.590631017690204396e-20
7.292272058728314732e+03 3.557687207629915468e-20
7.325965428215229622e+03 3.542919241229452477e-20
7.359814475265767214e+03 3.524850871600929080e-20
7.393819919175865834e+03 3.496496875412292609e-20
7.427982482564916609e+03 3.471491557827330272e-20
7.462302891391109370e+03 3.438826147947469593e-20
7.496781874966876785e+03 3.395800015221848128e-20
7.531420165974372139e+03 3.369267531455243865e-20
7.566218500481054434e+03 3.361491390534805619e-20
7.601177617955328060e+03 3.351337997378518356e-20
7.636298261282244312e+03 3.327446184676262008e-20
7.671581176779302041e+03 3.297869570127731945e-20
7.707027114212299239e+03 3.274429655152202982e-20
7.742636826811270112e+03 3.243767307671483967e-20
7.778411071286488550e+03 3.196244462454406392e-20
7.814350607844543447e+03 3.147985314008164536e-20
7.850456200204509514e+03 3.113967335531721487e-20
7.886728615614151749e+03 3.091559883409230766e-20
7.923168624866253595e+03 3.076634275179220644e-20
7.959777002314984202e+03 3.064144864368854990e-20
7.996554525892348465e+03 3.043209047286200825e-20
8.033501977124734367e+03 3.021635423123656972e-20
8.070620141149503979e+03 3.003001516818345707e-20
8.107909806731687240e+03 2.968123303228903862e-20
8.145371766280743032e+03 2.921870237762392051e-20
8.183006815867392106e+03 2.880336722613139055e-20
8.220815755240540966e+03 2.640674736943164129e-20
8.258799387844268495e+03 2.654234517215857462e-20
8.296958520834905357e+03 2.662858679950862722e-20
8.335293965098193439e+03 2.640029484998658151e-20
8.373806535266490755e+03 2.601164010569172131e-20
8.412497049736119152e+03 2.579646448836018802e-20
8.451366330684717468e+03 2.580179674648083242e-20
8.490415204088747487e+03 2.581218995514730367e-20
8.529644499741021718e+03 2.563792662653049558e-20
8.569055051268349416e+03 2.513768962986958787e-20
8.608647696149244439e+03 2.443839508926250367e-20
8.648423275731722242e+03 2.401337812769125912e-20
8.688382635251186002e+03 2.423318746329286761e-20
8.728526623848376403e+03 2.478854981155816071e-20
8.768856094587428743e+03 2.506749885114919375e-20
8.809371904473990071e+03 2.483356309103056933e-20
8.850074914473434546e+03 2.412120691160856405e-20
8.890965989529160652e+03 2.308519020005493323e-20
8.932045998580966625e+03 2.207957172386012656e-20
8.973315814583522297e+03 2.156095442967429875e-20
9.014776314524917325e+03 2.175294919308698196e-20
9.056428379445289465e+03 2.244415307127537590e-20
9.098272894455560163e+03 2.307353078205917522e-20
9.140310748756230169e+03 2.317147973157397859e-20
9.182542835656284296e+03 2.269878282179497812e-20
9.224970052592174397e+03 2.188258350646056989e-20
9.267593301146878730e+03 2.096028516060492051e-20
9.310413487069077746e+03 2.027110577472557017e-20
9.353431520292384448e+03 2.024588309630677692e-20
9.396648314954692978e+03 2.091146729122800442e-20
9.440064789417603606e+03 2.171933672577697692e-20
9.483681866285922297e+03 2.224487177266131463e-20
9.527500472427293062e+03 2.251484667320495869e-20
9.571521538991863054e+03 2.248468038304319153e-20
9.615746001432098637e+03 2.199658283459364019e-20
9.660174799522646936e+03 2.107757160989705418e-20
9.704808877380302874e+03 1.989770121354024483e-20
9.749649183484089008e+03 1.870829688754196064e-20
9.794696670695393550e+03 1.787272671954102284e-20
9.839952296278232097e+03 1.779846579419217369e-20
9.885417021919573017e+03 1.847730166090125467e-20
9.931091813749795620e+03 1.943505190998442315e-20
9.976977642363204723e+03 2.024385641397451893e-20
1.002307548283865435e+04 2.067276728250536795e-20
1.006938631476027513e+04 2.070583668502683328e-20
1.011591112223829623e+04 2.066926711149364873e-20
1.016265089392994742e+04 2.066934166968072143e-20
1.020960662306046470e+04 2.038267875032186628e-20
1.025677930744421974e+04 1.968557222052033436e-20
1.030416994950587832e+04 1.871630083521309705e-20
1.035177955630176257e+04 1.755680086397721132e-20
1.039960913954119678e+04 1.638194121521999265e-20
1.044765971560804246e+04 1.561539952898466681e-20
1.049593230558227697e+04 1.559485769560834194e-20
1.054442793526168862e+04 1.618726916049543141e-20
1.059314763518369909e+04 1.699167351056734985e-20
1.064209244064724226e+04 1.782764707283310929e-20
1.069126339173475935e+04 1.859042015300538125e-20
1.074066153333433431e+04 1.914354045965183816e-20
1.079028791516184174e+04 1.941286812255476734e-20
1.084014359178330960e+04 1.940645811009485321e-20
1.089022962263730005e+04 1.919040599155524838e-20
1.094054707205742488e+04 1.886074818833564168e-20
1.099109700929497194e+04 1.846422038321648826e-20
1.104188050854160792e+04 1.791809786493914505e-20
1.109289864895222672e+04 1.720931851795479882e-20
1.114415251466787595e+04 1.642660790668617442e-20
1.119564319483878171e+04 1.552002936221741749e-20
1.124737178364751890e+04 1.445573617346751956e-20
1.129933938033222330e+04 1.356662902558689003e-20
1.135154708920998928e+04 1.330014898631953501e-20
1.140399601970032381e+04 1.375385779731178676e-20
1.145668728634871513e+04 1.455385048659595207e-20
1.150962200885032144e+04 1.533241470754158494e-20
1.156280131207375962e+04 1.597266987071620763e-20
1.161622632608501954e+04 1.647900554135760809e-20
1.166989818617146739e+04 1.680956759876999700e-20
1.172381803286598551e+04 1.685537104019170746e-20
1.177798701197119226e+04 1.668751164432633788e-20
1.183240627458378731e+04 1.653004381669439804e-20
1.188707697711903347e+04 1.649430862882498901e-20
1.194200028133531850e+04 1.649107439234056604e-20
1.199717735435884424e+04 1.641302205317570856e-20
1.205260936870842670e+04 1.628762404079283431e-20
1.210829750232039987e+04 1.608798679310031821e-20
1.216424293857367957e+04 1.579740114800989358e-20
1.222044686631488003e+04 1.545717564045585535e-20
1.227691047988359242e+04 1.498851432243347327e-20
1.233363497913775973e+04 1.433329981389093860e-20
1.239062156947916264e+04 1.361400184959000495e-20
1.244787146187906001e+04 1.287912831049064819e-20
1.250538587290390751e+04 1.209370251944969074e-20
1.256316602474120737e+04 1.142572582758999327e-20
1.262121314522547436e+04 1.127122007684299070e-20
1.267952846786434566e+04 1.169866183899733968e-20
1.273811323186478512e+04 1.238251511012350544e-20
1.279696868215940776e+04 1.299143186127481382e-20
1.285609606943295876e+04 1.343935116703015870e-20
1.291549665014884158e+04 1.378516738178950204e-20
1.297517168657587536e+04 1.409444566106186312e-20
1.303512244681508855e+04 1.432534782398942411e-20
1.309535020482667096e+04 1.446808195262254375e-20
1.315585624045704390e+04 1.461290835653933416e-20
1.321664183946605226e+04 1.474997482711940823e-20
1.327770829355429851e+04 1.478464186688805627e-20
1.333905690039058754e+04 1.471513665469917196e-20
1.340068896363950080e+04 1.461400791856086752e-20
1.346260579298910488e+04 1.453503817328210412e-20
1.352480870417875485e+04 1.443263886742962306e-20
1.358729901902709935e+04 1.420788459357758400e-20
1.365007806546013853e+04 1.390876345293815061e-20
1.371314717753944933e+04 1.365900656961230262e-20
1.377650769549054348e+04 1.344142903175760980e-20
1.384016096573131654e+04 1.319051688628292840e-20
1.390410834090070421e+04 1.291538102305969446e-20
1.396835117988739694e+04 1.263868774031336692e-20
1.403289084785872365e+04 1.230850413316428965e-20
1.409772871628967005e+04 1.187794757675616094e-20
1.416286616299198795e+04 1.136548840074675056e-20
1.422830457214352646e+04 1.079349281689313515e-20
1.429404533431761047e+04 1.017047547849133614e-20
1.436008984651259743e+04 9.500327871676199429e-21
1.442643951218158145e+04 8.879746421190178203e-21
1.449309574126216467e+04 8.570667123856738612e-21
1.456005995020649243e+04 8.758120743944141811e-21
1.462733356201129936e+04 8.642083091634382713e-21
1.469491800624816460e+04 9.215761939412260252e-21
1.476281471909390166e+04 9.683554693725428356e-21
1.483102514336104468e+04 1.006982149027543411e-20
1.489955072852854573e+04 1.037210554710017353e-20
1.496839293077255570e+04 1.055682444735839838e-20
1.503755321299737625e+04 1.063731280843469019e-20
1.510703304486654997e+04 1.064617697476082627e-20
1.517683390283405242e+04 1.068481238004371640e-20
1.524695727017573881e+04 1.080186408803271061e-20
1.531740463702079796e+04 1.093568783617387853e-20
1.538817750038345548e+04 1.103067047555570604e-20
1.545927736419477696e+04 1.104679008364969406e-20
1.553070573933460037e+04 1.097622166333589550e-20
1.560246414366368845e+04 1.082229251141987634e-20
1.567455410205595035e+04 1.062687365025448339e-20
1.574697714643085783e+04 1.046337110791008275e-20
1.581973481578600695e+04 1.035997005990244364e-20
1.589282865622977988e+04 1.029443159852148708e-20
1.596626022101425951e+04 1.021760949545381801e-20
1.604003107056819863e+04 1.002240828712809848e-20
1.611414277253019100e+04 9.657323716224569379e-21
1.618859690178198434e+04 9.304331594544796241e-21
1.626339504048192248e+04 9.231265346901120076e-21
1.633853877809861297e+04 9.405298867218758532e-21
1.641402971144466574e+04 9.549856678427128605e-21
1.648986944471064999e+04 9.490697456150744795e-21
1.656605958949914566e+04 9.263369850276060404e-21
1.664260176485903503e+04 9.023000905403661294e-21
1.671949759731989252e+04 8.831226626924215543e-21
1.679674872092653095e+04 8.649549242592572319e-21
1.687435677727375878e+04 8.441235241206079528e-21
1.695232341554120649e+04 8.203309341742713061e-21
1.703065029252844397e+04 7.939800177248882584e-21
1.710933907269014526e+04 7.640055097401524021e-21
1.718839142817145694e+04 7.275332414673005820e-21
1.726780903884355939e+04 6.838930062408812899e-21
1.734759359233931536e+04 6.371248109570781519e-21
1.742774678408919135e+04 5.916962941059613229e-21
1.750827031735724086e+04 5.577476283799924282e-21
1.758916590327732774e+04 5.518276036423210111e-21
1.767043526088946601e+04 5.738432146197919585e-21
1.775208011717635236e+04 6.066841081573038293e-21
1.783410220710008070e+04 6.374767532599390353e-21
1.791650327363900578e+04 6.643479188474613592e-21
1.799928506782476325e+04 6.886957588302626498e-21
1.808244934877951528e+04 7.114666517376103954e-21
1.816599788375327626e+04 7.300112683513200970e-21
1.824993244816152219e+04 7.423377002356417840e-21
1.833425482562289835e+04 7.494712208210922781e-21
1.841896680799710884e+04 7.535789563745832149e-21
1.850407019542302078e+04 7.561028112452651901e-21
1.858956679635687397e+04 7.597407132243497888e-21
1.867545842761075983e+04 7.628653558079908431e-21
1.876174691439120579e+04 7.605488298969726042e-21
1.884843409033795251e+04 7.546621361423221534e-21
1.893552179756295300e+04 7.527829347902763104e-21
1.902301188668944815e+04 7.560460123885826556e-21
1.911090621689138061e+04 7.560245296266739751e-21
1.919920665593283775e+04 7.494768278762629743e-21
1.928791508020777837e+04 7.407643670877588537e-21
1.937703337477988680e+04 7.300412924612312289e-21
1.946656343342262335e+04 7.188062460463234285e-21
1.955650715865948951e+04 7.165081900227388369e-21
1.964686646180445678e+04 7.212082675804036035e-21
1.973764326300255198e+04 7.194795274116959135e-21
1.982883949127071173e+04 7.119959494620619075e-21
1.992045708453870247e+04 7.070002826182196501e-21
2.001249798969037147e+04 7.034862994897794318e-21
2.010496416260497790e+04 6.964831866933952828e-21
2.019785756819878588e+04 6.899088446432568530e-21
2.029118018046677753e+04 6.876016258266978267e-21
2.038493398252463521e+04 6.843403051929092360e-21
2.047912096665085483e+04 6.765210351429965942e-21
2.057374313432912822e+04 6.663985168018883220e-21
2.066880249629082027e+04 6.575352809912442605e-21
2.076430107255774783e+04 6.526457849228245934e-21
2.086024089248503878e+04 6.492971143130425031e-21
2.095662399480432941e+04 6.421983706515461295e-21
2.105345242766705269e+04 6.282501222147841589e-21
2.115072824868794487e+04 6.111571295352522034e-21
2.124845352498883221e+04 5.998118184625529068e-21
2.134663033324244316e+04 5.973232696553371827e-21
2.144526075971667524e+04 5.967870499230014876e-21
2.154434690031883292e+04 5.910371994876038709e-21
2.164389086064020375e+04 5.795144042970490894e-21
2.174389475600079822e+04 5.642339293544076559e-21
2.184436071149427517e+04 5.483321283554669708e-21
2.194529086203313636e+04 5.375404843821125972e-21
2.204668735239408852e+04 5.308613108342237637e-21
2.214855233726359074e+04 5.199800963011160992e-21
2.225088798128369672e+04 5.027516040655623461e-21
2.235369645909795508e+04 4.849150047966055031e-21
2.245697995539773910e+04 4.692749543934422924e-21
2.256074066496860542e+04 4.510798228745750176e-21
2.266498079273694020e+04 4.263086510874294165e-21
2.276970255381680181e+04 3.981635917025609116e-21
2.287490817355703257e+04 3.507194644730565770e-21
2.298059988758851250e+04 3.246796733880234901e-21
2.308677994187168588e+04 3.076901623268993877e-21
2.319345059274428786e+04 3.094451066812692084e-21
2.330061410696924577e+04 3.282915229303764195e-21
2.340827276178292959e+04 3.524365360591026137e-21
2.351642884494348618e+04 3.728441207194146791e-21
2.362508465477946447e+04 3.877214557194158968e-21
2.373424250023867353e+04 3.981812900490721948e-21
2.384390470093720796e+04 4.062330997771869768e-21
2.395407358720877892e+04 4.142500225982456696e-21
2.406475150015424151e+04 4.214958752182954115e-21
2.417594079169129691e+04 4.252941752315435932e-21
2.428764382460451816e+04 4.261685070677095349e-21
2.439986297259549974e+04 4.268937090857345746e-21
